ID 	 gg_index_common 	 gg_hk 	 gg_new 	 gg_site 	 bd_index_chinese 	 bd_index_common 	 bd_news_chinese 	 bd_news_common 	 bd_site 
1	1270000	1270000	13800	660000	1390000	5270000	372	121	13400
2	37600000	37500000	239000	12600000	16700000	8380000	97400	658	767000
3	581000	581000	8900	408000	706000	1070000	6	17	17600
4	27200000	27200000	75900	14000000	6350000	7900000	35900	1110	490000
5	17800000	17800000	98600	1260000	13000000	4720000	68100	11	744000
6	28000000	28000000	109000	12300000	17500000	7180000	80000	825	400000
7	49000000	49000000	214000	34200000	43000000	9350000	194000	134000	702000
8	585000	585000	5130	321000	850000	3920000	15	3	15200
9	700000	699000	8420	84000	1710000	3010000	11	1	20
10	711000	711000	12200	119000	701000	1430000	773	0	14000
11	511000	511000	3520	300000	442000	590000	4	0	11500
12	59000000	58900000	142000	3180000	43700000	6610000	1280	20	703000
13	10700000	10700000	60800	401000	5070000	9960000	1080	11	102000
14	610000	610000	16200	261000	551000	1810000	8	3	15500
15	8150000	8140000	31600	1040000	164000	1460000	65	6	14400
16	555000	558000	7520	68200000	652000	704000	7	1	27700
17	15800000	15800000	36100	3690000	3150000	2080000	847	10	65900
18	5900000	5890000	31800	1840000	3870000	1810000	631	4	168000
19	22100000	22100000	125000	3580000	10600000	5560000	1030	7	170000
20	37900000	38000000	590000	11600000	12900000	9940000	88300	452	566000
21	7000000	7010000	26200	3280000	965000	22600000	15	16	276000
22	569000	570000	5970	122000	82000	1990000	1	1	18600
23	25900000	25900000	91800	3410000	4300000	6040000	28900	481	321000
24	73300000	73200000	119000	14700000	7420000	8680000	36600	18	184000
25	8030000	8020000	29700	6410000	1190000	2150000	71	8	107000
26	629000	630000	7710	525000	614000	683000	6	3	9320
27	721000	715000	8510	119000	502000	8720000	1280	0	2
28	12600000	12600000	105000	367000	3620000	3230000	759	6	54100
29	718000	718000	11300	215000	537000	871000	8	4	12100
30	675000	674000	10800	954000	1100000	1340000	961	3	19100
31	28800000	28800000	81300	21500000	6000000	6870000	26700	770	412000
32	5810000	5810000	35400	2680000	3210000	5670000	1220	8	94600
33	527000	561000	6870	448000	283000	927000	1	0	12200
34	611000	583000	5690	18300	1100000	23000000	500	3	1
35	632000	632000	8070	130000	843000	785000	186	12	6650
36	15200000	15200000	1840000	1240000	3600000	7790000	417	14	57300
37	15600000	15600000	74800	2350000	4350000	2930000	1920	5	687000
38	627000	627000	8210	161000	738000	4180000	7	2	8850
39	625000	631000	31800	151000	2220	736000	0	0	11300
40	43400000	43500000	93700	14800000	5630000	6090000	1230	11	189000
41	8250000	8410000	11400	11300000	259000	632000	17	77	40500
42	515000	516000	5640	181000	357000	3850000	8	4	11700
43	678000	677000	11000	277000	337000	1200000	14	2	19900
44	17300000	17300000	38000	9330000	3140000	1660000	38700	2	202000
45	3200000	3210000	6420	13600000	94	570000	0	4	444000
46	543000	543000	9240	476000	156000	509000	10	0	16000
47	445000	445000	6530	82300	31700	141000	1	0	8200
48	572000	571000	11400	236000	16300	1570000	1	1	5050
49	3870000	3880000	23900	558000	211000	6550000	18	4	25600
50	847000	833000	6750	3140000	22	186000	0	3	257000
51	687000	11100000	43100	282000	67000	4610000	1	57	4640
52	423000	423000	1920	177000	18700	174000	4	1	23500
53	2050000	1840000	5300	107000	48700	273000	1	52	6210
54	9220000	9200000	48300	4510000	244000	1950000	138	5	91100
55	578000	578000	7490	121000	57600	3840000	6	1	7820
56	455000	479000	1400	92100	7810	95600	1	0	3920
57	4330000	4330000	23300	212000	13000	6290000	1	117	12700
58	483000	483000	2880	252000	36800	235000	5	5	9000
59	9350000	9350000	37600	6970000	411000	2310000	14	214	492000
60	550000	550000	15500	61400	46400	1110000	4	1	15200
61	3740000	3740000	19100	367000	463000	1880000	132	15	29300
62	13100000	13100000	39400	1200000	587000	2290000	666	9	119000
63	596000	255000	4100	2460000	242000	223000	15	0	66800
64	618000	618000	8540	10200	785	2820000	0	2	1010
65	554000	556000	5650	3030000	45000	281000	2	1	37100
66	560000	559000	5630	193000	17100	145000	2	0	11000
67	19500000	19500000	72400	9600000	1290000	3640000	209	72	210000
68	705000	706000	2890	31000000	41	151000	0	1	321000
69	422000	422000	1440	20200	9960	449000	4	0	1580
70	13400000	13800000	39300	25800000	196000	160000	101	0	349000
71	4360000	4360000	11900	8120000	147000	84600	15	1	15000
72	31600000	31600000	121000	3940000	10400000	3530000	52500	687	214000
73	62100000	62100000	112000	14100000	1310000	2090000	37100	11	532000
74	3010000	3010000	17500	331000	29700	276000	31	5	19900
75	667000	667000	10500	128000	0	151000	0	4	2080
76	4920000	4940000	7040	5530000	225000	388000	339	0	457000
77	3630000	3640000	23000	7510	245000	254000	17	3	982
78	57800000	57800000	82700	2920000	764000	1380000	23700	8	220000
79	9000000	9010000	37600	1170	368000	300000	1090	3	15
80	625000	625000	58000	93900	649000	378000	11	1	4830
81	463000	463000	8350	74600	24700	1400000	0	0	4300
82	7050000	7050000	12000	9540000	80900	736000	77	3	213000
83	14700000	14700000	45600	121000	34300	558000	4	6	6920
84	597000	597000	18000	53700	69200	761000	3	56	2970
85	415000	415000	2970	73100	574	54500	0	0	2800
86	2870000	2870000	10500	293000	122000	280000	3	103	17900
87	56000000	124000000	843000	6730000	957000	1300000	941	8	191000
88	556000	556000	4540	315000	50600	989000	3	2	16600
89	16800000	16800000	110000	3670000	2310000	1730000	3360	725	430000
90	5930000	5930000	24400	5450000	169000	319000	685	9	170000
91	508000	508000	9110	248000	12900	140000	1	0	9130
92	416000	416000	2230	122000	17300	159000	0	0	6140
93	441000	442000	2700	235000	33300	342000	4	0	2560
94	46200000	46200000	111000	3920000	421000	944000	361	9	62100
95	487000	487000	3030	42000	45000	561000	4	0	2940
96	13100000	13100000	15000	303000	14200	344000	0	4	8260
97	555000	555000	5050	284000	4510	93200	3	1	12700
98	210000	210000	197	173000	28300	41300	1	2	3740
99	485000	485000	3470	66800	75	311000	0	1	2670
100	546000	546000	4990	142000	9360	298000	1	2	3160
101	5790000	5790000	36200	330000	78600	241000	7	2	29300
102	524000	524000	5680	106000	36600	115000	2	0	8490
103	499000	501000	4110	83200	19600	409000	1	0	5150
104	405000	405000	1510	31300	31500	224000	2	0	2080
105	664000	664000	25300	64900	25100	348000	2	0	2370
106	684000	684000	27700	86500	137000	804000	7	0	3560
107	4020000	4040000	10900	75900	176000	66200	2	1	4510
108	964000	965000	2160	10400000	32000	54500	2	0	278000
109	55800	55800	698	12800	34400	48800	3	0	4160
110	494000	497000	7320	153000	25900	438000	2	0	3990
111	424000	424000	3340	176000	30200	172000	1	0	4670
112	1370000	1370000	10600	75600	168000	707000	15	1	10100
113	6890000	6920000	30200	5940000	53600	1130000	392	1	98000
114	230000	230000	841	1590	5530	887000	4	0	1
115	482000	451000	2450	245000	23000	3580000	0	849	9380
116	8670000	8670000	20200	4140000	57200	258000	2	4	109000
117	16900000	16900000	2100000	3370000	137000	962000	3160	15	180000
118	4080000	4080000	15900	2870000	226000	194000	4	0	276000
119	649000	636000	670	2800000	59500	65400	17	0	127000
120	746000	746000	7900	310000	164000	295000	13	4	10500
121	465000	465000	8200	64400	19600	185000	3	0	5720
122	23500000	23600000	63400	595000	1070000	5220000	1070	12	35200
123	462000	461000	3370	32900	12300	190000	4	0	4750
124	1110000	1300000	7330	14900	111000	413000	5	0	713
125	424000	424000	3670	11600	30800	236000	2	0	609
126	18500000	18500000	30000	5310000	167000	1330000	6	6	110000
127	6610000	6630000	21200	363000	452000	2740000	206	11	50200
128	25700000	25700000	81500	1890000	1050000	3410000	864	7	50500
129	11100000	486000	4150	321000	59600	1420000	6	0	2530
130	478000	478000	3800	128000	8790	280000	1	0	13500
131	2700000	2700000	16300	566000	282000	591000	488	1	108000
132	927000	927000	14900	6410	2830	2690000	0	2	1430
133	390000	390000	1600	453000	8930	79400	1	0	2510
134	21200000	21200000	90500	346000	21700000	18100000	95600	168	20000
135	17100000	17100000	31300	597000	446000	1680000	488	17	198000
136	458000	455000	4330	135000	46500	100000	2	0	4190
137	646000	646000	1830	7510000	195000	5640000	47	64	108000
138	122000	122000	106	228000	34800	9480	3	0	2930
139	13100000	13100000	30300	293000	569000	2750000	599	15	23700
140	12200000	12200000	22300	5040000	232000	1410000	117	7	299000
141	21500000	21500000	50600	4940000	651000	2870000	544	6	156000
142	426000	426000	2320	7100	14900	947000	2	2	667
143	645000	644000	8180	176000	163000	1790000	7	0	3790
144	5880000	5890000	18300	1970000	427000	473000	210	1	114000
145	451000	450000	2940	139000	11000	234000	1	3	3780
146	695000	694000	9630	104000	2530000	4540000	103	4	8830
147	5580000	5580000	31100	354000	451000	830000	545	238	31100
148	424000	424000	3590	217000	1210	141000	0	0	725
149	445000	445000	5450	38400	27600	1180000	5	1	2030
150	5600000	5600000	29200	223000	167000	826000	54	2	24400
151	393000	393000	1290	32800	20200	727000	3	1	2460
152	389000	389000	2760	22500	5240	425000	0	0	1880
153	925000	925000	8130	74600	74200	210000	16	1	13000
154	640000	640000	13700	251000	75200	660000	11	1	5750
155	763000	760000	1180	4610000	134000	129000	132	0	115000
156	747000	747000	9780	304000	1000	483000	3	0	12500
157	577000	585000	718	363000	5	10600	0	0	17600
158	12100000	12100000	141000	1750000	647000	2040000	375	4	44400
159	373000	373000	2610	3570	6730	167000	1	0	741
160	405000	403000	1390	58900	5280	49700	1	2	8220
161	395000	395000	1930	168000	6920	124000	1	0	3030
162	28600	28700	0	1480	3	2	0	0	57
163	5800000	5800000	22600	542000	202000	905000	82	1	23700
164	18000000	18000000	45800	1390000	545000	2790000	1400	12	39900
165	444000	444000	4540	33400	9760	177000	2	2	3400
166	713000	888000	517	20700000	32	86	0	0	197000
167	501000	501000	289	4600000	90	76	1	0	105000
168	29600000	29700000	15000	99800	54300	1180000	4	4	3660
169	34700000	34700000	82600	13800000	1750000	2050000	1270	131	144000
170	461000	460000	4450	70900	52	239000	0	0	83
171	444000	444000	1420	71600	20	57600	0	0	1870
172	524000	531000	15700	136000	20800	6490000	2	0	8200
173	581000	580000	5930	263000	152000	297000	78	1	47800
174	381000	381000	2790	10500000	0	19	0	0	18900
175	667000	667000	10400	71200	0	151000	0	4	3030
176	409000	407000	627	5490000	97200	83	17	2	15800
177	582000	582000	1340	4370000	0	60	0	0	129000
178	455000	455000	4050	5610	1730	325000	1	0	919
179	410000	410000	4230	325000	3190	229000	0	0	4480
180	316000	314000	1330	27100	1360	66500	1	0	480
181	483000	484000	3680	146000	3230	308000	0	0	4140
182	593000	593000	13500	171000	7090	439000	2	0	9700
183	698000	697000	6630	225000	25800	226000	2	3	6620
184	404000	404000	2430	59000	14100	193000	6	0	6
185	38300000	38300000	25900	1770000	219000	1330000	262	8	61800
186	557000	711000	1590	2600000	69700	43	3	0	19800
187	6830000	6830000	6690	113000	44100	2130000	10	2	155
188	3660000	3660000	12000	536000	2680	2150000	0	9	13300
189	384000	384000	2660	36600	100	84800	0	0	2990
190	12500000	12500000	34300	966000	425000	879000	329	2	40000
191	6540000	6540000	9990	578000	481000	2330000	443	6	22700
192	25700000	25700000	58100	2410000	863000	3530000	695	12	104000
193	498000	497000	2150	12900	2940	61100	1	0	1300
194	1070000	1070000	2030	8360	30	47100	0	0	228
195	5680000	5680000	26500	864000	284000	1160000	809	119	28900
196	573000	573000	8670	40100	29500	1260000	6	2	3700
197	578000	578000	3710	46600	13900000	2330000	201000	0	2460
198	22100000	22100000	65100	2770000	1610000	3490000	1020	6	166000
199	598000	598000	5880	118000	92200	3210000	5	1	1730
200	7600000	7600000	28600	578000	108000	1000000	15	6	15700
201	433000	433000	5570	430000	4400	72400	1	0	4460
202	391000	391000	466	1380000	0	31	0	0	35900
203	519000	519000	5900	137000	12400	152000	3	2	4600
204	7780000	7780000	47200	1340000	360000	1580000	482	5	104000
205	440000	440000	16500	5210	1050	1610000	1	0	806
206	633000	633000	4700	139000	90200	588000	15	7	4850
207	315000	315000	41	107000	81	66	0	0	1890
208	4000000	4000000	23700	234000	134000	723000	48	5	22300
209	8270000	8270000	33700	157000	328000	2830000	258	38	27900
210	410000	410000	2030	81500	14300	254000	0	6	1960
211	369000	365000	1300	1580	10100	181000	1	0	230
212	6720000	6720000	5310	13000	45900	3000000	9	2	1710
213	668000	670000	15400	133000	105000	646000	227	8	4700
214	39000000	39000000	14500	338000	510000	5210000	726	4	20400
215	179000	179000	91	133000	8850	3	2	0	7630
216	717000	718000	14000	1100000	89900	245000	8	2	4690
217	7820	7820	5	208000	0	3	0	0	9400
218	7110000	7110000	14500	4180000	41400	1630000	1	3	139000
219	405000	399000	537	44800	127000	1850000	1	0	6740
220	2270000	2270000	5980	455000	2450	1700000	3	1	34000
221	431000	431000	4480	24500	3290	353000	1	0	2890
222	5020000	5040000	18900	3210000	300000	124000	7	0	158000
223	24700000	24700000	9980	288000	1920000	41700000	58	12	19200
224	629000	629000	4610	191000	153000	2410000	1	1	6140
225	538000	539000	16700	146000	304000	669000	3	0	1890
226	29400000	29400000	73400	4340000	990000	2120000	758	9	152000
227	504000	504000	4860	83500	547000	1130000	20	1	7230
228	656000	656000	11300	71400	361000	1130000	6	8	4940
229	372000	372000	883	114000	999000	10100000	183	1	14200
230	3680000	3650000	13400	2310000	471000	64	65	0	77400
231	372000	376000	1590	17700	16	254000	0	0	1550
232	6730000	6750000	30300	2560000	846000	3100000	12	3	64500
233	517000	517000	4990	166000	716000	1370000	8	3	12100
234	589000	588000	9140	85200	261000	1170000	6	1	6140
235	21200000	21200000	49800	5280000	3520000	3990000	458	7	102000
236	451000	451000	1560	58700	276000	7270000	5	1	2760
237	476000	475000	4480	98800	284000	1680000	11	0	4330
238	646000	646000	8230	113000	135000	1030000	2	0	10500
239	640000	640000	8490	88200	657000	5090000	151	1	7450
240	404000	404000	2860	35200	103000	644000	1	0	3350
241	291000	291000	1290	62700	314000	4	158	0	6060
242	5980000	5980000	12400	201000	473000	974000	81	3	35200
243	584000	586000	4370	37800	114000	1820000	98	1	1240
244	80300	80200	114	301000	109000	2	10	0	17800
245	455000	457000	16500	49500	34	356000	0	0	4630
246	460000	463000	3450	580000	942000	650000	6	3	4660
247	780000	775000	4850	450000	1010000	2890000	159	6	23700
248	86300	86200	46	90600	1570	0	0	0	6710
249	7040	7040	0	350000	438000	2	396	0	28900
250	27700000	27600000	72500	3100000	3710000	5060000	643	9	145000
251	466000	466000	3610	11800	52	2060000	0	0	4130
252	7970000	7930000	31200	24600	944	3050000	0	3	3500
253	435000	435000	3790	278000	491	279000	0	1	4130
254	401000	401000	865	30700	35800	630000	1	0	3820
255	463000	465000	6640	93300	1110000	9620000	0	1	4070
256	421000	421000	1610	14500	4790	3350000	1	2	1410
257	516000	515000	3550	34500	145000	3660000	3	1	2570
258	388000	389000	1050	43000	107000	959000	5	0	6640
259	389000	389000	1470	19400	43800	330000	1	5	1120
260	382000	382000	4810	9240	1010000	454000	124	2	726
261	20100000	20100000	38900	5800000	1970000	2350000	674	64	154000
262	9850000	9850000	22900	591000	793000	1410000	211	6	57200
263	3480000	3530000	10900	12800000	601000	88000	575	0	59300
264	470000	470000	22900	55700	242000	381000	8	2	7780
265	507000	507000	5330	44900	698000	363000	3	0	7130
266	2800000	2710000	20300	214000	1400000	6890000	93	5	14400
267	127000	127000	39	51600	82900	190000	1	0	5050
268	522000	525000	11500	34600	239000	10600000	83	0	3090
269	400000	402000	1950	246000	50500	1	1	0	7000
270	551000	551000	10500	68800	253000	640000	12	0	9120
271	451000	451000	1840	26500	220000	3960000	1	1	403
272	699000	699000	11500	306000	241000	1220000	5	0	14800
273	521000	512000	2170	355000	82000	91	8	0	11600
274	462000	442000	2570	79500	96400	1710000	5	2	4730
275	409000	409000	3270	38000	94	455000	0	0	3700
276	5700000	5700000	29100	60400	3690000	7030000	3020	6	7130
277	423000	424000	3010	36300	84100	1080000	4	0	2310
278	572000	573000	6670	97200	202000	3160000	2	4	8460
279	372000	372000	828	189000	794	918000	3	0	6770
280	5440000	5360000	16600	3280000	877000	35	38	0	129000
281	978000	438000	3410	77900	232000	436000	8	4	9650
282	374000	375000	800	32700	26100	585000	0	2	2510
283	1800000	1770000	11300	74300	7410000	37200000	37100	0	5250
284	358000	353000	225	213000	187000	1	167	0	16700
285	447000	448000	2140	73400	74500	767000	1	0	6220
286	8040	8050	2	507000	1050000	2	43	0	285000
287	408000	407000	3270	269000	321	531000	0	1	5230
288	577000	578000	7480	15100	0	1830000	0	0	936
289	222000	222000	130	810000	137000	3	220	0	8570
290	577000	578000	7480	97000	0	1830000	0	0	2550
291	484000	484000	2860	97500	6150	2660000	0	0	4150
292	3400000	3400000	11900	1370000	249	160000	0	0	114000
293	17200000	17200000	27900	3370000	2350000	2100000	212	15	40700
294	379000	379000	3590	47200	57600	647000	2	0	4030
295	360000	360000	714	46400	83	1400000	0	0	1680
296	449000	448000	1920	32900	36	813000	0	0	956
297	25400000	25400000	61400	3140000	4520000	3820000	351	9	40100
298	425000	425000	2380	64700	182000	2800000	5	1	3620
299	554000	555000	9950	85700	181000	7180000	2	0	8200
300	468000	468000	2560	4040000	70200	13	6	0	33100
301	10100000	10100000	16200	2670000	625000	4600000	158	3	47200
302	365000	364000	3490	16300	0	2460000	0	0	958
303	2570000	2580000	4180	80500	485000	6860000	8	4	13800
304	696000	697000	8020	117000	472000	994000	143	1	7780
305	627000	626000	18700	36700	297000	763000	5	0	7610
306	393000	392000	2790	37000	3210	5020000	1	0	4770
307	418000	418000	3320	51000	73000	908000	0	1	5810
308	377000	377000	2430	17600	999	1090000	0	0	1670
309	620000	603000	12100	363000	493000	5720000	8	2	14600
310	13500000	13500000	36000	1600000	903000	1900000	601	63	85800
311	433000	433000	3120	102000	87800	423000	1	0	6610
312	5140000	5140000	15200	2290000	178000	812000	10	3	35100
313	387000	387000	3660	147000	43000	2620000	3	0	3330
314	493000	493000	6290	6870	3340	386000	0	0	3920
315	372000	372000	5390	71100	127000	644000	3	0	1430
316	638000	636000	6180	413000	85300	7720000	1	2	5660
317	362000	363000	4900	19000	28000	322000	2	0	2890
318	370000	373000	2480	51300	28100	859000	1	2	2640
319	411000	411000	1950	38500	38	1130000	0	12	4450
320	5310000	5310000	16000	378000	908000	1770000	15	1	23700
321	1010000	988000	11000	89700	507000	2900000	10	0	11800
322	4420000	4410000	21700	482000	808000	1740000	70	1	5590
323	15900000	16100000	35800	4850000	844000	2180000	635	8	286000
324	595000	595000	6910	616000	3150000	362000	769	1	10800
325	61000	61200	38	5020	865000	1	203	0	451
326	508000	509000	3880	168000	372000	1490000	15	7	7540
327	6010000	6060000	92100	4910000	1580000	1640000	107	14	67700
328	220000	221000	251	5220	48	2	0	0	440
329	524000	524000	5410	71100	263000	6370000	11	1	8040
330	491000	491000	5990	48100	74400	388000	2	0	3700
331	993000	976000	11900	107000	95300	399000	2	1	4580
332	419000	419000	2750	31700	26	642000	1	0	1330
333	382000	382000	1450	6380	18	497000	0	1	1290
334	267000	268000	918	7010	36600	823000	1	0	662
335	25100000	25200000	102000	1410000	2950000	3560000	600	14	60200
336	25000000	25100000	58500	5300000	2710000	3140000	2410	8	211000
337	339000	339000	1440	121000	169000	420000	1	0	2590
338	952000	945000	6370	430000	174000	27200	4	0	24400
339	406000	406000	3300	11300	1940	1020000	0	0	2490
340	32400000	32500000	854000	261000	724000	31400000	1	98	16600
341	527000	527000	5930	337000	469	345000	0	0	7580
342	474000	473000	4470	70900	149000	12900000	2	0	7250
343	454000	454000	3030	75200	1390	462000	0	0	3930
344	5470000	5480000	7530	61500	204000	664000	1	1	4200
345	6880000	6860000	12400	586000	276000	1380000	112	3	48300
346	341000	341000	230	107000	109000	1	12	0	13100
347	4340	4340	0	2770	29	1	1	0	1210
348	428000	428000	4930	79700	44300	517000	2	0	4960
349	583000	583000	6780	1660000	179000	1140000	49	7	24100
350	79100000	79700000	6850	99400	3690000	2400000	3020	3	6960
351	437000	437000	1420	416000	48800	7	1	0	7670
352	443000	443000	3410	62400	53000	801000	0	0	3220
353	302000	303000	6640	72800	15600	83700000	0	2020	1390
354	842000	852000	6620	266000	478000	19900	110	0	45800
355	425000	425000	4880	14900	71500	6010000	1	0	3220
356	439000	439000	2980	57200	72500	1580000	3	1	3180
357	448000	450000	3300	15400	150000	1070000	2	1	2960
358	760000	751000	4740	336000	341000	21200	3	1	29400
359	13700000	13700000	25500	682000	2260000	2390000	381	9	24800
360	262000	262000	271	6370	3980	4	1	0	682
361	691000	622000	5720	1180000	78600	50	1	0	127000
362	23900000	23900000	67500	4940000	1430000	3060000	1470	68	115000
363	496000	495000	3620	62300	104000	859000	5	9	5290
364	398000	398000	2550	27800	30	236000	0	0	1270
365	11200000	11200000	17100	647000	868000	1490000	79	4	19900
366	55300	55300	7	689	10	2	1	0	692
367	15300000	15300000	25900	5260000	788000	1620000	266	3	139000
368	414000	414000	1890	48400	193000	2460000	17	1	6880
369	16000000	16000000	28500	1080000	458000	1840000	170	11	61700
370	34500000	34500000	41100	13400000	2460000	2350000	539	2	59700
371	1430000	1440000	13800	1650000	914000	8610000	48	3	100000
372	5120000	5120000	20000	46600	2600	10200000	0	2	2120
373	5870	5840	1	751000	579000	2	19	0	128000
374	286000	286000	2770	22800	1610	616000	0	0	2280
375	374000	373000	1960	7560	20700	827000	0	0	831
376	368000	411000	1260	25500	60200	4370000	2	0	1840
377	530000	533000	12000	225000	115000	765000	4	2	9430
378	499000	499000	4700	95000	316000	1130000	2	2	6610
379	365000	365000	512	564000	34800	571000	1	11	16900
380	1410000	1420000	8070	372000	512000	525000	5	0	12600
381	723000	675000	3980	42200	1360	2580000	0	0	3040
382	373000	373000	1320	37200	91800	1060000	1	1	2010
383	406000	406000	1900	29200	342000	316000	3	7	1790
384	1210000	1210000	11800	388000	230000	827000	5	0	15800
385	615000	614000	7500	17800	184000	188000	4	0	1800
386	478000	478000	4100	18300	4620000	1600000	503	1	757
387	370000	370000	1050	12400	20	3650000	0	0	7010
388	416000	416000	2720	191000	412000	1420000	97	45	13700
389	24100000	24100000	72400	1530000	3110000	4610000	298	6	81600
390	76400	78900	6	35300	20	2	0	0	844
391	14900000	14800000	37300	3510000	3030000	2270000	661	6	59500
392	404000	404000	1920	64100	84900	833000	1	4	3750
393	93900	96100	8	47400	22300	1	0	0	8560
394	272000	272000	52	22400	4540	2	1	0	2600
395	601000	633000	3070	290000	663000	161000	144	0	16800
396	367000	367000	1780	50000	48000	68600	3	0	4070
397	11800000	11800000	50300	683000	759000	4740000	313	8	51900
398	558000	558000	6770	65000	54100	1150000	2	1	8930
399	5650000	5630000	23500	323000	1120000	4720000	16	1	4780
400	390000	417000	6960	19300	740000	1200000	8	0	1340
401	439000	439000	1960	229000	111000	3090000	2	7	22300
402	9940000	9910000	25600	268000	227000	1350000	59	4	38900
403	336000	336000	1060	11300	31600	855000	2	3	1770
404	386000	386000	2120	27200	5510	15800000	2	3	3620
405	16100000	16000000	30000	471000	382000	913000	208	2	30800
406	350000	350000	1210	22300	64500	1500000	5	0	4000
407	520000	521000	9760	57500	451000	968000	10	0	11700
408	371000	371000	3170	56700	1350	217000	1	1	3260
409	461000	462000	1920	124000	69100	92	7	0	5320
410	397000	397000	2360	47700	42000	574000	1	0	4040
411	4870000	4880000	8770	729000	389000	3020000	384	4	72200
412	376000	377000	2110	782000	851	337000	0	0	7540
413	1530000	359000	1190	17800	4930	8970000	1	0	67
414	391000	391000	1720	27900	68900	628000	1	0	4210
415	29100	28800	64	16900	11	6	0	0	3780
416	598000	594000	3960	296000	85	12300000	0	3	45000
417	454000	458000	1900	82500	691000	927000	18	7	5340
418	569000	569000	3780	120000	592000	532000	8	18	8380
419	560000	561000	3000	383000	134000	4840	10	0	20400
420	371000	370000	784	226000	287000	611000	4	0	2960
421	8430000	8390000	22200	310000	225000	479000	10	2	4990
422	616000	618000	5780	149000	514000	1100000	40	4	28000
423	55500000	55400000	26500	1950000	2490000	2100000	239	2	64500
424	9160000	9120000	15400	1020	160000	1310000	108	7	126
425	418000	418000	10800	68900	966	2590000	0	3	2290
426	466000	466000	4600	331000	26	15	0	0	21400
427	101000	103000	130	28800	7790	2	3	0	5330
428	572000	572000	4980	60700	208000	15400	10	0	14000
429	388000	389000	2290	10400	19	482000	0	0	939
430	660000	678000	8080	262000	89400	27900	8	0	26200
431	366000	366000	1720	25200	1540	321000	0	0	2220
432	252000	251000	1160	9910	2530000	4570000	103	0	744
433	57800000	58600000	13600	123000	279000	3980000	115	0	4840
434	358000	364000	480	10200	2260	278000	0	3	1920
435	27400000	27400000	31100	3370000	577000	1910000	185	2	55300
436	348000	348000	1190	20300	61	30400	0	1	1040
437	374000	374000	1670	42400	7150	2330000	1	0	75
438	9340000	9340000	28800	312000	83000	1360000	17	3	14900
439	375000	375000	2070	44100	973	495000	0	0	1120
440	8450000	8410000	36900	1280000	555000	5320000	466	7	26500
441	531000	530000	9710	39900	1230	116000	1	0	2050
442	135000	135000	148	570000	20	49	0	0	10300
443	7180000	7120000	32200	5530000	197000	4290000	616	2	21000
444	603000	9590000	7040	37900	9810	8000000	0	65	4050
445	353000	353000	6590	683000	1510	56	1	0	22900
446	480000	480000	3320	110000	9520	49	4	0	26900
447	230000	230000	470	64300	11	249000	0	0	460
448	318000	318000	917	2210	2960	222000	0	0	128
449	532000	531000	8100	106000	3240	109000	1	0	8230
450	412000	412000	4360	628000	24600	23	10	0	72400
451	3390000	3390000	16500	1370000	80100	375000	130	2	12700
452	480000	464000	882	135000	26	228000	0	1	5980
453	11300000	11300000	18600	668000	613000	610000	304	0	21400
454	539000	542000	5590	145000	21	130000	2	0	4010
455	511000	511000	5160	59100	13	1320000	0	0	3090
456	9320000	9320000	11000	590000	120000	1370000	124	5	21300
457	371000	371000	3670	19800	10	1220000	0	0	621
458	543000	543000	5050	114000	16900	2440000	1	8	518
459	441000	441000	1890	17100	36000	406000	0	1	697
460	4820000	4840000	15500	957000	176000	1100000	486	5	18600
461	394000	394000	1890	34300	1120	72300	1	0	1600
462	477000	476000	5870	19200	207000	113000	9	0	2350
463	329000	329000	125	72900	9950	13900	1	4	1350
464	5130000	5130000	16500	681000	255000	367000	472	6	28000
465	548000	550000	9060	293000	14600	36	2	0	16500
466	232000	232000	1510	414000	2980	29	1	0	6130
467	364000	364000	671	16500	7930	71700	1	0	1190
468	409000	409000	6490	52800	286	83400	0	0	2290
469	14600000	14600000	15900	287000	21500	1340000	13	5	7240
470	539000	539000	5970	104000	1810	896000	4	0	4870
471	13300000	13300000	83300	75800	1520000	7690000	1470	6	324
472	397000	397000	1810	164000	29	54800	0	0	25800
473	43700	43700	54	157000	5230	15	2	0	3790
474	248000	248000	251	16800	2810	80500	3	0	1490
475	249000	249000	1300	18100	22500	523000	5	0	1400
476	395000	395000	1650	138000	2130	44	1	0	3590
477	642000	642000	5530	174000	514	1180000	0	2	3030
478	11200000	11200000	16700	583000	1030000	442000	162	1	16300
479	373000	373000	1730	121000	478	55800	1	0	1770
480	877000	883000	6850	830000	14100	101000	3	0	21200
481	272000	272000	55	67400	8520	98900	0	0	2230
482	386000	386000	2120	53400	443	195000	0	1	1700
483	52900	52900	908	114000	5	2	1	0	2320
484	699000	694000	14000	438000	1090	917000	0	1	10900
485	363000	363000	1320	18900	4000	222000	2	4	835
486	4740000	4740000	11400	116000	29800	1150000	7	4	4750
487	597000	597000	7660	1500000	6760	47	3	0	15800
488	331000	331000	153	7080	8440	280000	2	4	469
489	178000	179000	115	6720	0	1	0	0	2840
490	428000	428000	4930	78200	1360	4630000	0	0	2750
491	696000	711000	8130	252000	79900	239000	16	3	1830
492	418000	418000	3600	19400	26400	2570000	14	0	1430
493	613000	750000	11500	347000	45900	60	8	0	42500
494	372000	372000	2760	616000	83200	38	18	0	75800
495	394000	394000	1020	16000	4230	76700	1	0	1180
496	185000	183000	420	44000	1	28500	0	0	2590
497	4700000	4700000	16100	368000	189000	4300000	241	5	17300
498	162000	153000	968	285000	2700	10	2	1	3600
499	364000	364000	1220	77900	1	630000	0	3	2660
500	535000	535000	8070	35400	3920	893000	4	2	403
501	5870000	5860000	11000	1150000	25300	3290000	2	3	21100
502	366000	365000	2710	23200	1160	523000	1	0	2370
503	570000	568000	8010	97300	29800	193000	13	2	8050
504	578000	578000	8010	262000	24300	694000	10	0	7120
505	2560000	2600000	10300	611000	31000	327000	9	9	25100
506	362000	362000	1330	17400	96	42500	0	0	813
507	847000	850000	15100	717000	63300	165000	127	0	85200
508	500000	499000	4460	4490000	10400	15	6	0	12700
509	406000	382000	2510	61100	70	42100	1	3	1510
510	388000	389000	2570	27100	286	263000	0	0	415
511	343000	343000	2090	368000	5280	21	1	0	14200
512	348000	6190000	236	4560	38	11000	1	0	1000
513	311000	310000	6610	10200	959	1960000	1	1	806
514	638000	643000	11700	255000	27600	125000	10	0	5940
515	436000	436000	7720	84500	753	398000	0	0	757
516	450000	450000	3330	228000	2150	6	0	0	5030
517	390000	390000	2340	510000	1230	2140000	4	0	1540
518	482000	482000	5890	78900	21900	3310000	6	3	1900
519	432000	432000	2430	8040	5830	302000	6	0	979
520	153000	153000	134	101000	22	0	0	0	7040
521	5550	5550	1	49900	0	1	0	0	3770
522	448000	448000	4420	75200	238000	2460000	399	3	2550
523	4130000	4160000	14500	570000	49200	281000	7	3	14300
524	1160000	414000	1830	843000	6	23	0	0	10600
525	485000	485000	4000	49100	18700	1020000	15	5	1600
526	478000	479000	3170	61600	4410	136000	1	0	8270
527	492000	490000	4540	28200	30200	1290000	7	0	5090
528	430000	430000	3660	761000	0	13	0	0	20100
529	171000	170000	384	942	0	9	0	0	438
530	376000	376000	2810	10800	22200	167000	3	1	806
531	615000	615000	5880	544000	13900	22	5	0	19600
532	523000	523000	5550	179000	130000	107000	15	0	5410
533	30100	30100	78	41900	3250	41	0	0	1290
534	966000	966000	621	86100	19	38600	0	0	525
535	471000	473000	2650	41200	8710	45400	1	1	338
536	399000	399000	1240	190000	42	21	0	0	19300
537	543000	544000	1900	80000	22500	92	70	0	8040
538	366000	366000	1570	7810	50	11000	0	0	16200
539	7030000	6670000	19300	585000	147000	435000	57	3	27500
540	424000	424000	9220	89600	3940	201000	2	0	288
541	486000	486000	4850	41100	16500	1380000	2	4	3160
542	383000	383000	181	139000	42000	1	24	0	45800
543	376000	376000	729	39300	6720	133000	0	0	1390
544	377000	392000	1550	1380000	38	40	0	0	73700
545	397000	397000	1810	42300	5520	603000	3	0	1670
546	2540000	2520000	12100	3000000	75600	1700000	58	2	33900
547	871000	880000	11500	335000	20800	162000	0	1	21400
548	10800000	10800000	46300	10	177000	1320000	398	3	7
549	409000	409000	6900	14600	4680	972000	1	2	706
550	491000	491000	2420	124000	9750	87200	2	0	5600
551	250000	250000	192	170000	1	9470	0	5	1950
552	551000	567000	11000	95200	31800	753000	4	2	6210
553	629000	628000	10500	768000	44100	1170000	11	3	6270
554	387000	387000	2160	7580	25	224000	0	0	468
555	401000	401000	2460	96700	2410	44600	0	0	326
556	518000	518000	6660	1190000	7690	1070000	16	0	3440
557	480000	480000	5020	252000	2520	103000	0	2	7090
558	497000	490000	10500	49800	19200	414000	6	2	2660
559	913000	913000	8760	632000	554000	3050000	893	73	6070
560	393000	393000	2760	20600	2200	833000	0	2	674
561	6400000	6410000	14800	62700	84800	289000	18	3	8550
562	406000	406000	1400	16900	261	718000	0	0	1060
563	466000	466000	8210	382000	308	622000	0	0	2010
564	5150000	5150000	15600	5750000	274000	343000	196	8	62200
565	422000	422000	4490	723000	17200	22	3	0	5860
566	344000	344000	275	277000	19000	13200	33	0	7910
567	3730000	3730000	17300	417000	28000	414000	5	0	18400
568	705000	703000	6650	175000	71300	2350000	94	1	5590
569	474000	474000	4880	123000	6610	94200	3	0	6130
570	604000	604000	9310	296000	43500	216000	17	0	16000
571	35600000	35600000	16700	248000	79300	2180000	15	2	4190
572	194000	194000	1810	206000	23	18	0	0	4600
573	479000	479000	2440	132000	5150	43400	0	0	5320
574	8830000	8830000	29500	3530000	322000	682000	131	5	16800
575	11100000	11100000	57600	963000	628000	326000	285	0	12600
576	697000	703000	14100	508000	91300	1570000	371	4	11000
577	334000	333000	609	983000	45	17000	0	0	5750
578	475000	475000	3080	26400	23800	4380000	3	0	1630
579	404000	404000	2800	169000	9440	303000	3	2	527
580	442000	442000	2140	20900	29700	209000	42	0	1760
581	14200000	14200000	21400	6770000	59800	527000	15	1	1080000
582	456000	456000	4800	32700	25000	412000	4	1	2050
583	2200000	2200000	5060	49700	36600	3440000	9	0	3180
584	313000	313000	1420	15200	484	96500	1	2	578
585	7430000	7600000	21800	339000	62700	3590000	106	7	22300
586	652000	661000	6380	797000	5130	5550	2	0	15300
587	666000	694000	6050	112000	11700	130000	4	0	7980
588	518000	496000	6120	73000	44000	110000	88	2	2900
589	424000	419000	2450	53800	12900	7130000	3	11	3570
590	693000	690000	10100	12200	1810000	4200000	1320	4	495
591	231000	231000	2000	210000	13300	15	1	0	6000
592	353000	354000	4990	80300	5	474000	0	0	5500
593	579000	592000	10500	283000	22600	1690000	8	3	7030
594	8820000	8830000	29400	428000	276000	498000	678	4	22600
595	639000	639000	10900	322000	1370	163000	5	3	5380
596	417000	417000	2870	131000	1260	765000	1	0	5780
597	537000	520000	5580	301000	25600	111000	3	1	6720
598	4850000	4830000	8810	954000	41400	29	42	0	88300
599	377000	378000	2260	15000	761	69300	1	1	1280
600	6070000	6090000	7820	947000	577000	196000	2	0	20500
601	404000	404000	2640	315000	127000	54	0	0	34400
602	521000	521000	6480	63000	93900	737000	6	15	6640
603	9500000	9510000	25600	1520000	64200	1970000	323	4	64300
604	403000	403000	2240	419000	34800	5660000	1	154	3560
605	270000	270000	647	33700	11	1630000	0	0	1700
606	525000	525000	9470	224000	1450000	1650000	10	0	13800
607	458000	458000	4620	1550000	31	12	1	0	21200
608	442000	442000	3740	114000	10200	1820000	1	1	2030
609	9400000	9340000	17000	296000	1290000	1230000	866	2	11700
610	568000	580000	7190	121000	352000	1340000	10	2	12600
611	5970000	5950000	6370	52000	206000	1360000	2	1	3930
612	669000	647000	9740	1870000	411000	763000	132	4	10400
613	717000	717000	23900	168000	2700000	2210000	1250	2	9580
614	388000	388000	384	60200	20	150000	1	3	4200
615	596000	600000	1070	336000	15	26	7	0	9580
616	512000	512000	3190	477000	40	26700	0	0	14200
617	548000	537000	2410	276000	33900	337000	2	0	6780
618	374000	374000	1140	25900	1230	1230000	0	6	1890
619	6190000	6200000	20100	358000	551000	3030000	164	3	9090
620	520000	520000	7030	306000	148000	10700000	5	1	2660
621	629000	631000	12400	241000	241000	406000	16	0	5030
622	690000	689000	5150	1070000	33400	2160000	7	3	10300
623	5000000	5010000	40000	282000	213000	4150000	6	0	15000
624	3100000	3100000	10200	581000	92	226000	0	3	5750
625	1270000	1270000	12300	500000	32100	1010000	4	2	17700
626	4260000	4260000	21300	400000	151000	4470000	11	7	7650
627	579000	594000	12900	260000	7010	3290000	1	2	8660
628	8140000	8150000	48800	273000	726000	4060000	133	2	18800
629	8840000	8830000	9750	128000	187000	4450000	0	1	14900
630	575000	575000	13800	29700	447000	1960000	81	5	1880
631	402000	402000	7420	16900	27400	5660000	0	154	5240
632	457000	457000	7280	8370	5440	1650000	2	0	1160
633	1440000	1420000	8230	200000	227000	221000	36	3	20700
634	482000	483000	7520	61100	7070	688000	5	2	8440
635	562000	576000	6980	213000	94100	41	8	1	15100
636	1190000	1180000	17200	899000	48900	2080000	16	6	11900
637	529000	529000	5790	92800	129000	1210000	9	4	6750
638	422000	422000	2200	77700	74	391000	0	1	37
639	594000	605000	5250	241000	473000	3790000	55	6	4310
640	527000	527000	11100	236000	113000	993000	4	0	5290
641	417000	417000	1750	310000	0	28	0	0	22800
642	371000	371000	1850	27000	2110	334000	0	0	1060
643	8640000	8640000	21000	22600	584000	797000	310	4	3650
644	413000	413000	3970	81100	7	2620000	0	154	4040
645	596000	595000	7430	225000	262000	1150000	7	1	5320
646	1360000	1360000	7900	1010000	159000	186000	20	3	17400
647	729000	722000	5710	831000	615000	594000	130	3	14300
648	505000	505000	6010	20400	285000	125000	8	0	1810
649	492000	507000	4190	57700	55900	1060000	4	0	3170
650	519000	591000	3570	38600	92800	35600000	43	264000	3350
