27
49
95
126
138
151
155
159
160
179
239
268
292
305
319
334
335
350
371
374
381
385
402
452
464
480
509
547
558
559
561
564
566
582
619
628
629
630
657
705
716
725
761
806
812
822
828
832
840
864
883
889
903
912
919
921
945
977
995
1049
1068
1160
1181
1196
1215
1230
1237
1286
1307
1312
1314
1328
1352
1358
1360
1380
1410
1416
1427
1437
1450
1459
1481
1482
1484
1518
1519
1538
1539
1540
1544
1555
1568
1571
1595
1596
1613
1615
1616
1617
1628
1642
1671
1685
1703
1705
1717
1737
1743
1745
1748
1749
1757
1758
1760
1767
1768
1789
1791
1813
1815
1818
1829
1845
1854
1880
1886
1906
1910
1911
1918
1919
1922
1925
1928
1937
1945
1953