1	0.23989608454	0.234160919194	0.626487300277	0.44688397548	0.0507835522651	0.820817843866	0.0778413330017	0.0850828729282	0.357439524756
2	9.30209307401	9.05054516372	11.6555776796	36.0867210275	2.25256138028	6.36431226766	24.3223078836	39.4475138122	21.9749792333
3	0.149451910884	0.145410420913	0.298188528969	0.192865715733	0.658813651006	0.316431226766	0.00174086048247	0.0552486187845	0.475746973091
4	6.80263870232	6.61868122777	3.55980768297	8.73607771615	5.19946067706	5.02007434944	6.73961701069	0.651933701657	12.0321192136
5	4.48355732653	4.36231262739	4.90505560682	9.7440866834	0.234944574072	0.127286245353	17.6572991793	0.0110497237569	4.68195433836
6	7.08608198159	6.8443180878	5.09931523481	8.19847293362	2.3090772572	4.40743494424	20.4924148222	63.4254143646	6.99775971002
7	12.3168988625	11.9838243442	16.5606332864	21.5713918991	5.81306162653	0.275985130112	54.961452375	32.817679558	18.0985224155
8	0.152544019385	0.14841891238	0.297702879899	0.221089966816	0.847738153869	0.23970260223	0.0412832628699	0.075138121547	0.387645681778
9	0.0484430331832	0.0476344482301	0.026613569035	0.0725766456418	0.1388675833	0.297992565056	5.32205918926	0.00441988950276	0.000453092355325
10	0.183465104396	0.178754534674	0.582778883978	0.190849697799	0.547396636498	0.0108847583643	0.0387963193236	0.0519337016575	0.357439524756
11	0.131672287003	0.128111594977	0.169005876354	0.174721554323	0.0538515570124	0.10468401487	0.0179059935339	0.0552486187845	0.276889772699
12	14.9194235176	14.5159713291	6.65339225875	13.0369159764	0.126757038245	0.779182156134	4.87440935091	0.297237569061	17.4943992751
13	2.65405979674	2.58228850932	2.93332038269	1.37761225524	0.375426896713	0.423494423792	0.263616015916	0.285082872928	2.61786694188
14	0.157182182137	0.152931649581	0.660482735176	0.139777243458	0.481192323529	0.874349442379	0.00746083063914	0.0563535911602	0.39016286153
15	2.04852188195	1.993125597	1.46666019135	0.200257781493	0.976917301125	0.701858736059	0.0711265854265	0.142541436464	0.4178518388
16	0.141721639632	0.137889192245	0.290418143849	46.0996101021	0.027692779693	0.102304832714	0.0310867943298	0.0585635359116	0.795428801571
17	3.91667076801	3.83582662064	1.74348016124	2.33186074423	0.0847738153869	3.25353159851	6.49092265606	0.0994475138122	1.64371837793
18	1.48421208051	1.44407590424	2.01058714973	0.356835174406	0.2995341477	0.915985130112	0.0788361104203	0.111602209945	2.9199285121
19	5.61733044359	5.46542616535	5.63352921179	0.336002989083	1.99420308577	0.373531598513	3.00920169112	0.028729281768	4.27920557807
20	9.40516335738	9.15082821263	8.64455344568	7.39206575982	1.08187535827	1.23717472119	38.0502362596	53.8121546961	9.41425227175
21	1.75992508852	1.71484013628	1.31610897965	2.05633829319	0.116261232531	0.689962825279	14.74757523	0.028729281768	6.21743398696
22	0.147390505217	0.143404759935	0.305473265019	0.0826567353143	1.04150687475	0.761338289963	0.000497388709276	0.0740331491713	0.377576962771
23	6.36458999801	6.2676905566	4.38541110194	2.33858080401	0.59826092573	3.48550185874	7.03805023626	1.2817679558	4.15334659048
24	18.3722780104	17.8754534674	5.24500995581	9.3408830965	0.800103343318	8.14869888476	30.8380999751	0.659668508287	4.53092355325
25	1.98410295484	1.93295576765	1.48608615415	3.86403437445	1.59051825059	0.158215613383	0.0164138274061	0.212154696133	2.94510030961
26	0.161820344889	0.157695094404	0.377834976446	0.350787120602	0.282579384623	0.359256505576	0.0191494653071	0.0552486187845	0.233342562992
27	0.188103267148	0.179506657541	0.414258656695	0.0779526934672	5.70810356938	2.63494423792	24.3471773191	0.0	5.03435950361e-05
28	3.16941121358	3.08370375385	4.30770725074	0.786246994453	0.741165357382	1.6	0.146978363591	0.318232044199	1.52289374984
29	0.186299537189	0.181512318519	0.718760623573	0.135745207589	0.405299574516	0.137397769517	0.0159164386968	0.0640883977901	0.309613109472
30	0.171869697517	0.166971276428	0.495362051382	0.647141756973	0.304378365722	0.122527881041	0.141507087789	0.0331491712707	0.468195433836
31	7.24068740664	7.04488418561	4.66223107183	14.5825297262	0.108994905497	0.767286245353	3.73041531957	41.1049723757	6.24260578448
32	1.48421208051	1.44407590424	2.06400854742	0.350115114624	3.34251043525	0.636431226766	0.0604327281771	0.364640883978	2.20001510308
33	0.135795098338	0.132373624555	0.300616774319	0.205633829319	0.0570810356938	1.74275092937	0.00149216612783	0.00110497237569	0.299544390465
34	0.146102126675	0.148168204758	0.27147783012	0.0123649099982	2.67239360886	0.194498141264	0.0571997015668	0.00331491712707	2.51717975181e-05
35	0.163624074848	0.159199340138	0.385605361566	0.093408830965	0.0487651280892	0.143940520446	0.0353145983586	0.0430939226519	0.152541092959
36	3.78783291379	3.68540204728	85.9598853868	0.786246994453	1.87309763521	0.0874349442379	0.098980353146	0.0850828729282	1.36682860523
37	3.89090319716	3.81075585841	3.24899227818	8.73607771615	3.27792086162	4.01486988848	0.130067147476	0.0309392265193	16.6385581594
38	0.163108723431	0.158697924893	0.54878344908	0.089376795096	0.709677940238	0.204014869888	0.00223824919174	0.075138121547	0.202381252045
39	0.144040721008	0.140145560845	0.514788014181	0.0947528429213	0.57565457496	0.797026022305	0.0	0.0408839779006	0.286958491706
40	10.8739148954	10.6049324218	4.83706473702	9.7440866834	0.0823517063758	4.87732342007	2.32777915941	0.259668508287	4.07783119793
41	1.72900400351	1.68726229784	0.55363993978	7.59366755327	0.0746009575404	3.85427509294	0.0363093757772	0.0121546961326	1.03204369824
42	0.133218341254	0.129866548333	0.26759263756	0.120289070092	0.0366545830339	0.262899628253	0.0161651330515	0.0552486187845	0.294510030961
43	0.178569265936	0.173740382229	0.519644504881	0.188833679864	0.0194576090555	0.361040892193	0.00397910967421	0.0453038674033	0.478264152843
44	4.22588161811	4.33724186516	1.95230926133	6.78726037947	10.1728578464	3.8780669145	7.21213628451	0.0265193370166	5.00918770609
45	0.785910910685	0.767165324127	0.306930212229	8.80327831396	0.578884053642	2.94423791822	0.0141755782144	0.00552486187845	14.4234399778
46	0.139144882548	0.135382116022	0.433198970424	0.166657482585	0.847738153869	0.975464684015	0.0169112161154	0.0662983425414	0.412817479296
47	0.113892663122	0.110812769041	0.245252780341	0.0531556728729	0.41337327122	0.101115241636	0.00895299676697	0.0364640883978	0.203891559896
48	0.148163532342	0.144156882802	0.650769753776	0.144481285306	2.04264526599	0.168327137546	0.00397910967421	0.0453038674033	0.128124449367
49	0.989474720338	0.965224345716	1.41323879365	0.200929787471	0.129986516927	1.75464684015	0.070131808008	0.0906077348066	0.646915196214
50	0.212582459448	0.209591572213	0.311301053858	1.93537721712	0.378656375395	2.34944237918	0.023377269336	0.237569060773	6.46915196214
51	0.179084617353	0.174241797473	2.39424991501	0.144481285306	0.221219289676	0.975464684015	0.043272817707	0.046408839779	0.0828152138344
52	0.108996824662	0.106049324218	0.0937302705065	0.118945058135	0.0244633010116	0.359851301115	0.00149216612783	0.0243093922652	0.558813904901
53	0.414857890558	0.403639271845	0.284104705939	0.0725766456418	4.50512276056	0.904089219331	0.0149216612783	0.0795580110497	0.163364965892
54	2.31650461871	2.24884737171	2.34082851731	2.9299460648	0.278542536271	0.0791078066914	0.0586918676946	0.243093922652	3.44853625997
55	0.149967262301	0.145911836158	0.339954348987	0.0806407173798	0.651547323973	0.186171003717	0.0154190499876	0.0718232044199	0.240642384273
56	0.106677743286	0.103792955617	0.0738186586373	0.0615557475999	0.726632703316	0.233159851301	0.00124347177319	0.0	0.109245601228
57	0.223920190618	0.216862093258	0.645913263076	0.134401195633	80.7369670351	0.868401486989	0.0410345685153	0.00110497237569	0.289475671458
58	0.123942015751	0.120590366309	0.151522509834	0.163969458672	0.062005990683	0.259330855019	0.0156677443422	0.046408839779	0.183502403907
59	2.39380733123	2.33158088705	1.84546646593	4.51588017327	0.27531305759	0.382453531599	1.30564536185	0.514917127072	13.0893347094
60	0.13708347688	0.133376455044	0.709047642174	0.109536974441	2.13952962643	0.102304832714	0.00397910967421	0.0475138121547	0.385128502026
61	0.93536282157	0.910068668818	1.13156233306	0.085344759227	0.066769471738	0.612639405204	0.0915195225068	0.177900552486	0.722430588768
62	3.22094635527	3.1338452783	1.57350298674	31.5170803759	0.0415795380231	0.340817843866	0.14100969908	0.241988950276	2.9199285121
63	3.01480578853	2.93327918049	1.75319314264	1.65313470629	0.798488603977	2.30185873606	0.0320815717483	0.00331491712707	1.50275631183
64	0.159501263513	0.155188018181	0.27050653198	0.0396483527117	2.04264526599	0.203420074349	0.00373041531957	0.00994475138122	0.0242404410099
65	0.143010018174	0.138139899867	0.219999028702	2.00257781493	0.0518331328365	0.249219330855	0.00248694354638	0.0232044198895	0.898633171395
66	0.129868557044	0.126356641621	0.255937059881	0.129025147808	0.134023365278	0.0808921933086	0.00447649838349	0.0364640883978	0.271855413195
67	4.89583846001	4.76344482301	2.84104705939	6.4109370317	0.41337327122	2.78959107807	0.0743596120368	0.424309392265	5.4371082639
68	0.179084617353	0.174241797473	0.141809528435	21.0337871166	0.960769907718	0.921933085502	0.0564536185029	0.00773480662983	8.10531880082
69	0.109512176079	0.106550739462	0.081103394687	0.0132385177699	0.0255936185501	0.0541858736059	0.0141755782144	0.0397790055249	0.0541193646638
70	3.32401663864	3.40962366279	1.90374435433	17.0689518454	1.50978128356	1.5405204461	0.145486197463	0.00773480662983	10.7735293377
71	0.963707149496	0.937646507267	0.82074692827	5.3827678851	0.66769471738	0.0586468401487	0.16836607809	0.00331491712707	0.412817479296
72	8.01371453191	7.79700705241	6.16774318877	2.63426343441	1.43711801322	2.40892193309	232.529221587	338.121546961	7.62705464797
73	1.04874013328	1.03542247995	0.373464134816	1.05504938572	5.22368176717	9.21933085502	45.2623725441	0.0154696132597	17.1923377048
74	0.760143339843	0.739587485678	0.849885872469	0.223777990729	1.04150687475	0.158810408922	0.0208903257896	0.158011049724	0.719913409017
75	0.147390505217	0.134880700778	0.26419309407	0.0846727532488	0.0904254030793	0.428252788104	0.000248694354638	0.00331491712707	0.133662244821
76	0.809101724443	0.787221933908	0.321985333398	3.71619305925	0.013725284396	3.6936802974	0.0537179806018	0.0110497237569	15.2541092959
77	0.912172007812	0.890012059037	1.18012724006	0.342723048864	0.108994905497	0.592416356877	0.00969907983089	0.131491712707	1.28627885317
78	14.5071423841	14.064697609	4.41455004614	2.02273799428	0.153400237367	1.0468401487	6.36657547874	0.141436464088	8.28152138344
79	0.11260428458	0.109559230929	0.0621630809577	1.92193709755	0.119490711212	0.666171003717	0.0721213628451	0.0	1.38193168374
80	0.140948612506	0.137137069378	0.307415861299	0.061152544013	80.7369670351	0.612639405204	0.0298433225566	0.092817679558	0.173181966924
81	0.0602961157706	0.0586655836097	0.194745277063	0.0544996848292	0.103343317805	0.0737546468401	0.0	0.0	0.147758451431
82	1.76765535977	1.71484013628	0.54392695838	5.92037266764	0.452934385067	1.71895910781	0.0554588410843	0.014364640884	6.99775971002
83	0.146102126675	0.142151221824	0.215628187072	0.0920648190086	0.480384953859	0.672118959108	0.00596866451132	0.00110497237569	0.245425025801
84	0.143783045299	0.140145560845	0.694478170074	0.0423363766244	1.23527559564	0.292044609665	0.0489927878637	0.0475138121547	0.122838371888
85	0.108996824662	0.106049324218	0.308387159439	0.0518788615144	5.11065001332	0.0317620817844	0.00223824919174	0.0364640883978	0.117552294409
86	0.582347101032	0.566599226316	1.16070127726	0.223777990729	0.637822039577	0.299776951673	0.011688634668	0.0552486187845	0.448057995821
87	13.8114179714	13.4379285533	6.21630809577	0.705606277073	0.34474684924	7.25650557621	10.8928127332	0.38453038674	8.20600599089
88	0.139660233964	0.135883531267	0.665339225875	0.404547598855	0.831590760461	0.743494423792	0.00671474757523	0.0497237569061	0.460643894581
89	4.30318433064	4.18681729181	21.7085134282	2.1974595486	2.61587773194	4.26468401487	34.8172096493	0.946961325967	14.7506733456
90	1.53832397928	1.49672450492	1.31125248895	3.87747449401	0.130793886597	0.281338289963	0.0636657547874	0.0165745856354	3.6247388426
91	0.131156935586	0.127610179732	0.408430867855	0.163969458672	0.784763319581	0.289665427509	0.0149216612783	0.0342541436464	0.33478490699
92	0.107450770412	0.104294370862	0.0903307270167	0.101472902703	0.0912327727497	0.285501858736	0.0	0.0187845303867	0.209177637375
93	0.114923365956	0.11181559953	0.174833665194	0.247298199965	8.9618033409	0.0390185873606	0.00895299676697	0.0430939226519	0.0790394442067
94	11.5696393081	11.2567722396	5.05075032781	2.87618558655	0.219604550335	0.612639405204	0.0601840338224	0.349171270718	2.13456842953
95	2.22889487784	0.123849565398	0.222912923122	0.0323234875497	0.9204014242	0.0457397769517	0.00895299676697	0.0298342541436	0.116545422509
96	3.1178760719	3.03356222939	0.718760623573	0.192193709755	0.140482322641	0.0579925650558	0.000248694354638	0.14364640884	0.26430387394
97	0.153317046511	0.149421742869	1.41809528435	0.297026642349	0.143711801322	0.118959107807	0.000746083063914	0.014364640884	0.427920557807
98	0.0487007088916	0.0473837406079	0.0108785391676	0.122977094004	0.153400237367	0.0425873605948	0.000248694354638	0.00883977900552	0.126614141516
99	0.124457367168	0.121091781553	0.163178087514	0.0444195951567	0.13725284396	0.265873605948	0.000994777418553	0.00773480662983	0.0802980340826
100	0.141463963923	0.137638484623	0.27293477733	0.0960968548776	0.0952696211014	0.386617100372	0.00149216612783	0.0265193370166	0.0966597024694
101	1.51513316552	1.47416081891	3.84148414356	0.276194457026	0.0773460144196	0.981412639405	0.00273563790102	0.155801104972	0.956528305686
102	0.134764395504	0.131120086444	0.315186246418	0.0705606277073	0.25351407649	0.791078066914	0.00124347177319	0.0154696132597	0.259269514436
103	0.128322502794	0.124852395887	0.155893351464	0.0646469750995	0.557892442213	0.0642379182156	0.00198955483711	0.0331491712707	0.176202582626
104	0.105904716161	0.10304083275	0.0927589723666	0.0191521703777	0.126757038245	0.161189591078	0.000497388709276	0.0353591160221	0.114028242757
105	0.163624074848	0.160202170627	0.636200281676	0.0434787867873	3.71390048361	0.00515092936803	0.00174086048247	0.0132596685083	0.0757671105294
106	0.175219481727	0.170481183139	1.40352581225	0.0648485768929	2.22834029017	0.477026022305	0.0278537677195	0.0408839779006	0.0704810330506
107	1.00493526284	0.977759726829	0.490505560682	0.0525508674925	0.847738153869	1.11226765799	0.000497388709276	0.0154696132597	0.227049613613
108	0.207171269571	0.201819635922	0.104900199116	7.59366755327	0.105765426816	0.648327137546	0.011688634668	0.00552486187845	9.38908047424
109	0.0142752342465	0.0138892022734	0.0420572094604	0.221089966816	0.13806021363	0.0262304832714	0.00248694354638	0.00220994475138	0.247942205553
110	0.128064827085	0.124601688265	0.337526103638	0.112897004332	0.141289692311	0.0216505576208	0.000497388709276	0.0276243093923	0.0936390867672
111	0.108996824662	0.106049324218	0.172405419844	0.120289070092	0.0302763626382	0.253382899628	0.00671474757523	0.0265193370166	0.166385581594
112	0.232938840413	0.226639690527	0.490505560682	0.051274056134	0.515909219354	0.512118959108	0.0360606814225	0.127071823204	0.339819266494
113	1.73158076059	1.69227645028	1.60749842164	4.19331730375	1.82465545499	2.93828996283	0.0935090773439	0.00883977900552	3.77576962771
114	0.0579770343948	0.0564092150094	0.0399203535525	0.00106848950528	1.89731872532	0.487732342007	0.0106938572494	0.0	2.51717975181e-05
115	0.125230394293	0.120841073931	0.0951872177165	0.163297452694	0.247055119127	4.03866171004	0.000746083063914	2.25414364641	0.302061570217
116	2.22374136368	2.16360678014	1.52493807974	2.86946552677	0.191346611873	1.11226765799	0.0353145983586	0.0132596685083	3.64991064012
117	4.17434647643	4.06146348067	88.3881307367	2.23105984751	0.936548817607	1.42156133829	1.65879134544	0.0309392265193	5.78951342915
118	1.04358661911	1.01787294639	1.74833665194	1.97569757581	1.04150687475	1.73085501859	0.000994777418553	0.00331491712707	6.94741611498
119	0.15512077647	0.150925988603	0.0325870525958	1.92865715733	0.52882713408	1.30260223048	0.0300920169112	0.00331491712707	2.86958491706
120	0.179857644478	0.175244627962	0.400174833665	0.242594158118	0.521560807047	0.496654275093	0.00373041531957	0.0850828729282	0.475746973091
121	0.117242447332	0.114322675752	0.171434121704	0.047981226841	0.011464649319	0.379479553903	0.000746083063914	0.014364640884	0.108742165278
122	5.92654129369	5.76627531207	2.95274634549	0.47981226841	1.10609644838	1.79628252788	0.0758517781646	0.26408839779	0.881012913132
123	0.121365258666	0.118083290086	0.228255062892	0.0252002241812	0.132408625938	0.133828996283	0.00945038547625	0.0198895027624	0.133913962796
124	0.316941121358	0.345976518724	0.577922393279	0.0107520956506	1.08994905497	2.41486988848	0.0106938572494	0.00110497237569	0.018174037808
125	0.11105823033	0.108054985196	0.181147103103	0.00826567353143	0.239788792094	0.359851301115	0.00472519273812	0.00883977900552	0.0155058272711
126	4.63816275158	4.51273720075	2.6322179593	3.59523198318	0.0888106637386	11.1821561338	0.0716239741358	0.0187845303867	1.79223198329
127	1.65685480515	1.61205001116	1.08785391676	0.23453008638	1.46941280004	0.130260223048	0.160159164387	0.0154696132597	1.26614141516
128	5.15351416843	5.94177064765	3.10329755719	0.262082331484	0.284194123964	11.0037174721	6.98831136533	0.0132596685083	1.26362423541
129	0.129095529919	0.125353811132	0.206400854742	0.192193709755	0.78314858024	0.121933085502	0.0124347177319	0.00662983425414	0.0611674679689
130	0.123426664334	0.120088951064	0.186974891943	0.0866887711833	0.0125142298904	0.0612639405204	0.00174086048247	0.0254143646409	0.337302086742
131	0.461239518074	0.448766643852	0.704191151474	0.32592289941	0.199420308577	0.106468401487	0.11315593136	0.0198895027624	2.71855413195
132	0.101524229118	0.12735947211	0.182118401243	0.133057183677	2.47862488798	1.67732342007	0.114648097488	0.0	0.199612354318
133	0.100751201993	0.0980266803052	0.0728473604973	0.308450743978	0.0530441873421	0.00701858736059	0.00124347177319	0.00552486187845	0.0797945981323
134	4.12281133474	4.01132195622	1.82118401243	0.21974595486	0.142097061982	0.606691449814	0.0213877144989	0.00110497237569	0.548745185894
135	4.27741675979	4.16174652958	1.37438686805	0.368259276035	2.7692779693	2.51598513011	0.134792340214	0.180110497238	4.25403378055
136	0.117757798749	0.114573383375	0.222427274052	0.105504938572	0.52963450375	0.0204014869888	0.0131808007958	0.00662983425414	0.117048858459
137	0.158728236388	0.161957123982	0.0937302705065	5.09380531449	0.0130793886597	9.51672862454	0.0159164386968	0.0453038674033	2.71855413195
138	0.0304057335937	0.0295834994271	0.00485649069982	0.153889369	0.169547630774	0.59063197026	0.0129321064412	0.0	0.0659501094973
139	3.27248149695	3.18398680275	1.33553494245	0.232514068445	3.56857394295	0.494869888476	0.0300920169112	0.0950276243094	0.375059783019
140	3.04057335937	2.95834994271	0.937302705065	3.79011371685	0.018327291517	1.88550185874	0.26112907237	0.24861878453	6.72086993732
141	5.30811959348	5.16457701864	2.55937059881	3.52131132559	1.19490711212	1.77249070632	1.32554091022	0.0541436464088	3.92680041282
142	0.113119635997	0.110060646174	0.286047302219	0.00598085320567	2.58358294512	0.0299182156134	0.00223824919174	0.0110497237569	0.0227301331588
143	0.165943156223	0.16170641636	0.385605361566	0.138433231502	4.07721683527	0.071970260223	0.0300920169112	0.046408839779	0.114028242757
144	1.48163532342	1.44156882802	1.01986304696	1.80769608126	0.0944622514311	1.19553903346	0.256155185277	0.0121546961326	2.89475671458
145	0.116469420206	0.113319845263	0.141323879365	0.0967688608558	0.416602749901	0.0957620817844	0.00373041531957	0.00773480662983	0.0840738037103
146	0.171612021809	0.165467030694	0.368121995046	0.0739206575982	1.55822346378	0.388401486989	0.087291718478	0.0961325966851	0.118307448335
147	1.40175585381	1.36384946512	1.46666019135	0.229154038554	0.116261232531	0.114795539033	0.0477493160905	0.170165745856	0.775291363556
148	0.109512176079	0.106550739462	0.166091981934	0.144481285306	0.0135638104619	0.167137546468	0.000497388709276	0.00331491712707	0.0191557379112
149	0.114150338831	0.111063476663	0.223884221262	0.0301058678218	0.130793886597	0.868401486989	0.00497388709276	0.00552486187845	0.0561331084653
150	1.41206288215	1.37387777001	1.35010441455	0.163297452694	0.241403531435	0.51687732342	0.0713752797811	0.118232044199	0.729982128024
151	0.0561733044359	0.0561585073871	0.0367150696906	0.0223105984751	0.09204014242	0.199851301115	0.00198955483711	0.0	0.0644398016462
152	0.100493526284	0.0977759726829	0.143752124715	0.0155905386934	0.0682227371447	0.0588252788104	0.00174086048247	0.0254143646409	0.0440506456566
153	0.222889487784	0.216862093258	0.401146131805	0.0540964812423	0.0727440072986	1.17769516729	0.00547127580204	0.00110497237569	0.324716187983
154	0.265405979674	0.258228850932	0.509931523481	0.167329488563	0.104958057146	0.183791821561	0.0198955483711	0.0585635359116	0.254235154932
155	12.0334555833	11.7080459597	4.83706473702	2.87618558655	0.285001493634	0.530557620818	0.0109425516041	0.509392265193	3.95197221034
156	0.189133969981	0.184270102364	0.439998057404	0.430083826026	0.0176813957807	0.0993308550186	0.00248694354638	0.0243093922652	0.319681828479
157	0.19918332261	0.191289915787	0.27050653198	0.229826044532	0.0384307963087	0.612639405204	0.00621735886595	0.0220994475138	0.430437737559
158	3.04057335937	2.93327918049	6.70195716575	1.10880986397	2.0668663561	1.31449814126	0.0507336483462	0.202209944751	0.787877262315
159	0.0976590934917	0.095018188838	0.440969355544	0.00239234128227	4.46475427704	0.314646840149	0.000248694354638	0.00110497237569	0.0169406197297
160	0.104874013328	0.101536587017	0.0903307270167	0.0391107479292	0.107380166157	0.046156133829	0.000248694354638	0.0110497237569	0.2089259194
161	0.102554931952	0.099781633661	0.0752756058472	0.148513321175	0.0122720189893	0.672118959108	0.000497388709276	0.00110497237569	0.0762705464797
162	0.00515351416843	0.00704488418561	0.00174833665194	0.00102816914659	0.0163896043081	3.1405204461	0.000497388709276	0.0	0.00148513605357
163	1.43267693882	1.39142730356	0.932446214365	0.359523198318	0.104958057146	0.587657992565	0.107435961204	0.116022099448	0.604123140433
164	4.53509246822	4.41245415184	2.31168957311	0.940808369431	1.88117133192	2.06988847584	1.68117383735	0.0839779005525	0.994286001963
165	0.114665690248	0.111564891907	0.158807245884	0.0860167652051	0.0130793886597	0.0515687732342	0.0	0.0331491712707	0.148010169406
166	0.217220622199	0.222879076193	0.0243310184061	13.6417213568	0.0486843911222	1.95092936803	0.00198955483711	0.0740331491713	1.39200040275
167	0.128837854211	0.125353811132	0.0141323879365	2.9299460648	0.0146941280004	1.57620817844	0.000994777418553	0.0342541436464	3.29750547487
168	7.47259554422	7.27052104565	0.505075032781	0.0594725290676	2.9791940836	2.61710037175	0.0111912459587	0.0165745856354	0.140206912176
169	8.37446052369	8.14799772357	4.11344762275	7.86246994453	0.672538935402	0.486542750929	0.305894056205	0.491712707182	3.49887985501
170	0.116727095915	0.113319845263	0.124326161915	0.0425379784179	0.364123721328	0.0474646840149	0.000248694354638	0.00552486187845	0.0382611322275
171	0.114923365956	0.11181559953	0.0616774318877	0.0441507927655	0.0607949361774	0.0475241635688	0.0	0.0	0.0490850051602
172	0.13708347688	0.133376455044	0.709047642174	0.0846727532488	0.335865782866	2.02230483271	0.00447649838349	0.0132596685083	0.20212953407
173	0.149194235176	0.145661128535	0.223884221262	0.160609428781	0.353627915614	0.0159405204461	0.014424272569	0.00883977900552	1.43982681803
174	0.192741429899	0.187529301453	1.01015006556	7.25766456418	0.738743248371	0.262304832714	0.0109425516041	0.0950276243094	0.692224431747
175	0.121880610083	0.162207831605	0.338983050847	0.048720433417	0.00363316351658	0.25873605948	0.0	0.00110497237569	0.0631812117703
176	0.103843310494	0.102288709884	0.0306930212229	0.272834427135	0.00614408319137	0.438959107807	0.00447649838349	0.017679558011	0.405265940041
177	0.149709586593	0.145661128535	0.0524500995581	2.75522451048	0.00928475120904	1.03494423792	0.0	0.00331491712707	2.89475671458
178	0.119303852999	0.115826921486	0.246709727551	0.0037363532386	0.0164703412752	0.0381858736059	0.00397910967421	0.0220994475138	0.0243411282
179	0.105647040453	0.102790125128	0.223398572192	0.167329488563	0.0301956256711	0.14156133829	0.000248694354638	0.0364640883978	0.113776524782
180	0.0809101724443	0.080727854369	0.201058714973	0.0163297452694	1.94576090555	2.67063197026	0.0216364088535	0.00110497237569	0.012535555164
181	0.121622934375	0.118333997709	0.229712010102	0.0954248488995	0.0212338223302	0.248624535316	0.000994777418553	0.0	0.0833186497848
182	0.152544019385	0.148168204758	0.670195716575	0.11356901031	0.0243825640446	0.0409219330855	0.0052225814474	0.0254143646409	0.312130289224
183	0.180115320187	0.175244627962	0.490505560682	0.139777243458	0.235751943742	0.198661710037	0.000497388709276	0.00994475138122	0.170664787172
184	0.104358661911	0.101536587017	0.117041425866	0.0372291311904	0.255128815831	0.208178438662	0.00149216612783	0.0232044198895	0.000201374380144
185	9.61130392412	9.35139431044	1.32582196105	1.16257034223	0.0523982916058	2.0936802974	0.0571997015668	0.0198895027624	1.23593525814
186	0.142236991049	0.138641315112	0.0626487300277	1.63297452694	0.158244455389	1.26096654275	0.00124347177319	0.060773480663	0.601605960682
187	1.39144882548	1.351314084	0.330241367588	0.0745926635763	1.1464649319	2.12342007435	0.0196468540164	0.0364640883978	0.0036247388426
188	0.613268186043	0.596684140988	0.53421397698	0.359523198318	0.123527559564	0.209962825279	0.00447649838349	0.0419889502762	0.475746973091
189	0.0992051477422	0.0962717269493	0.113156233306	0.0235202092358	0.000993064694532	0.0483568773234	0.0	0.00220994475138	0.101190626023
190	3.14364364274	3.05863299162	1.74833665194	0.645797745017	0.290653081326	1.77843866171	0.112907237006	0.0331491712707	1.19314320236
191	0.232681164705	0.249704791775	0.26953523384	0.385059425489	1.55014976707	0.506171003717	0.145734891818	0.00220994475138	0.586502882171
192	6.46766028138	6.29276131882	3.32669612938	1.51201345087	1.50170758685	0.678066914498	1.24844566028	0.238674033149	2.6430387394
193	0.107450770412	0.104545078484	0.0859598853868	0.0284258528764	0.00243018270776	0.27063197026	0.000248694354638	0.0187845303867	0.0664535454477
194	0.273136250927	2.32907381083	0.0684765188675	0.00568517057528	0.0117875971871	0.043717472119	0.000248694354638	0.0	0.00583985702419
195	1.47905856634	1.43906175179	3.07415861299	0.246626193987	1.18683341542	0.0230780669145	0.0649092265606	0.0762430939227	0.898633171395
196	0.146102126675	0.141900514201	0.363265504347	0.0271490415179	0.701604243535	0.148104089219	0.037801541905	0.0497237569061	0.115538550608
197	0.0806524967359	0.107553569951	0.0752756058472	0.0312482779847	0.32294786814	0.295018587361	0.0124347177319	0.00110497237569	0.0777808543308
198	5.51426016022	5.36514311645	3.25384876888	1.78081584214	5.62736660235	2.61710037175	0.0631683660781	0.254143646409	3.24716187983
199	0.15512077647	0.150925988603	0.321499684328	0.0759366755327	1.59859194729	0.0820817843866	0.0084556080577	0.0121546961326	0.0453092355325
200	1.91968402774	1.86777178587	1.52979457044	0.203617811384	0.341517370558	1.07063197026	0.0251181298185	0.19226519337	0.395197221034
201	0.111831257455	0.108807108063	0.26565004128	0.288962570611	0.0104958057146	0.648327137546	0.000248694354638	0.00441988950276	0.101190626023
202	0.098432120617	0.0957703117048	0.0213685590792	1.00128890747	0.0139674952971	0.353903345725	0.000746083063914	0.00331491712707	0.606640320185
203	0.133991368379	0.130367963577	0.26467874314	0.089376795096	0.212338223302	0.151078066914	0.00422780402885	0.017679558011	0.0656983915221
204	1.97121916942	1.91791331032	2.6419309407	0.880327831396	0.847738153869	0.560892193309	0.360606814225	0.118232044199	2.41649256173
205	0.113377311705	0.110311353796	0.796464474771	0.0034809909669	0.52963450375	0.0278364312268	0.00198955483711	0.0187845303867	0.0225539305762
206	0.165943156223	0.161205001116	0.204943907532	0.0927368249868	1.13839123519	1.68921933086	0.00497388709276	0.0408839779006	0.142724091927
207	0.0824562266948	0.0932632354821	0.0238939342431	0.0116257034223	0.0192153981544	2.28996282528	0.000497388709276	0.0	0.0453092355325
208	1.00751201993	0.980266803052	0.864455344568	0.145153291284	0.385922702428	0.535910780669	0.0114399403134	0.0629834254144	0.634329297455
209	2.07944296696	2.02822466411	1.76290612403	0.108192962485	0.243018270776	0.999256505576	0.276050733648	0.262983425414	1.35675988622
210	0.106677743286	0.103792955617	0.167548929144	0.0541636818401	0.027692779693	0.246840148699	0.00547127580204	0.0187845303867	0.0523573388376
211	0.0927632550317	0.090254744015	0.0332669612938	0.00108192962485	0.0984990997828	0.0737546468401	0.00198955483711	0.0	0.00551262365646
212	1.1595406879	1.12818430019	0.244281482201	0.00826567353143	0.357664763965	2.83717472119	0.0176572991793	0.0165745856354	0.0465678254084
213	0.167231534765	0.166219153561	0.577922393279	0.081312723358	0.0159859194729	0.576951672862	0.0114399403134	0.060773480663	0.115286832633
214	0.148936559468	0.169227645028	0.563352921179	0.231170056489	2.04264526599	0.589442379182	13.5289728923	0.00110497237569	0.276889772699
215	0.0435471947232	0.0423695881626	0.00427371181584	1.84801643995	0.127564407915	0.0594795539033	0.000994777418553	0.00110497237569	2.21511818159
216	0.235773273206	0.229397474371	1.30639599825	0.792967054235	0.108187535827	0.251598513011	0.0114399403134	0.0519337016575	0.066956981398
217	0.0858060109043	0.114322675752	0.0480306930212	0.142465267371	0.0360894242647	1.93308550186	0.00124347177319	0.0	0.085080675611
218	1.57439857845	1.53182357203	0.728473604973	2.58722301594	0.0196998199566	1.21338289963	0.00174086048247	0.0132596685083	2.9199285121
219	0.102297256243	0.145911836158	0.207372152882	0.0270146403222	0.238981422424	0.333680297398	0.00198955483711	0.0	0.0508470309865
220	0.404550862222	0.393610966954	0.317614491768	0.194881733668	0.589379859356	0.173085501859	0.000746083063914	0.0154696132597	0.659501094973
221	0.11260428458	0.109559230929	0.291389441989	0.0144481285306	0.0557085072542	0.0737546468401	0.00397910967421	0.00110497237569	0.0375059783019
222	1.26003421418	1.22596027287	0.951872177165	2.02945805406	0.141289692311	0.0325353159851	0.00348172096493	0.00773480662983	3.14647468976
223	0.149967262301	0.145911836158	0.227283764752	0.189505685843	0.278542536271	0.300966542751	0.0420293459338	0.017679558011	0.503435950361
224	0.161047317763	0.156692263915	0.222427274052	0.133057183677	0.0871959243979	0.198661710037	0.00746083063914	0.00773480662983	0.0533642107383
225	0.128064827085	0.124601688265	1.23354863775	0.097440866834	0.0129179147256	0.032594795539	0.00198955483711	0.0198895027624	0.0526090568127
226	7.26645497748	7.06995494784	3.47239085037	2.60738319528	0.0486843911222	3.42602230483	0.0487440935091	0.0707182320442	4.10300299544
227	0.0955976878243	0.110311353796	0.082074692827	0.0544324842314	0.515909219354	0.304535315985	0.0258642128824	0.0	0.182243814031
228	0.169550616141	0.16496561545	0.636200281676	0.0461668106999	0.315681541107	0.174869888476	0.00721213628451	0.0298342541436	0.124348679739
229	0.0541118987685	0.0596684140988	0.00514788014181	0.0792967054235	0.571617726608	0.434795539033	0.0606814225317	0.00220994475138	0.364991064012
230	0.631305485632	0.616740750769	0.985867612064	1.49857333131	0.264817251875	1.05278810409	0.00770952499378	0.0121546961326	1.94326276839
231	0.0971437420749	0.0945167735935	0.081103394687	0.0127681135851	5.30441873421	1.21933085502	0.63914449142	0.00441988950276	0.0382611322275
232	1.67746886182	1.63210662094	1.66577631004	1.59937422803	0.29791940836	0.71970260223	0.0141755782144	0.078453038674	2.26294459687
233	0.138629531131	0.135382116022	0.675052207275	0.121633082048	2.18797180665	0.38126394052	0.0390450136782	0.0574585635359	0.30709592972
234	0.152028667969	0.147917497136	0.438055461124	0.0564485021659	1.34830734949	0.963568773234	0.00945038547625	0.0309392265193	0.0566365444156
235	5.28235202264	5.13950625641	2.51080569181	3.57507180384	0.270468839568	2.54572490706	0.455110668988	0.106077348066	2.54235154932
236	0.107966121829	0.105046493729	0.0883881307367	0.0403203586899	0.0968843604421	0.452639405204	0.00348172096493	0.00773480662983	0.117048858459
237	0.122911312917	2.15608555147	0.256422708951	0.0712326336855	0.791222276944	0.0791078066914	0.0218851032082	0.0132596685083	0.110755909079
238	0.169292940433	0.164714907827	0.439512408334	0.0759366755327	0.143711801322	0.127286245353	0.0084556080577	0.0254143646409	0.21622574068
239	0.165685480515	0.161205001116	0.439512408334	0.0671333972187	8.0414019167	0.0951672862454	0.0716239741358	0.017679558011	0.168651043371
240	0.104874013328	0.102038002261	0.158321596814	0.026006631355	0.118683341542	0.219479553903	0.00223824919174	0.00441988950276	0.08357036776
241	0.0937939578654	0.091257574504	0.102957602836	0.0427395802113	0.302763626382	6.00743494424	0.00422780402885	0.0850828729282	0.247942205553
242	1.35795098338	1.32122916933	0.636200281676	0.129025147808	0.13725284396	0.636431226766	0.0186520765979	0.260773480663	0.951493946183
243	0.111831257455	0.111314184285	0.0424457287164	0.0247970205943	0.163896043081	0.284312267658	0.0472519273812	0.00331491712707	0.0294510030961
244	0.912172007812	0.887504982814	0.473993492302	1.84801643995	0.0176006588137	0.0384237918216	0.000994777418553	0.00883977900552	2.21511818159
245	0.126776448543	0.123348150154	1.30153950755	0.0330626941257	0.00774267513867	0.255762081784	0.000248694354638	0.0	0.087849573338
246	0.118530825874	0.115325506241	0.137438686805	0.38438741951	0.121912820223	0.383048327138	0.00397910967421	0.0342541436464	0.119314320236
247	0.199956349735	0.194047699632	0.224369870332	0.381699395598	0.217989810995	2.03420074349	0.0236259636906	0.00662983425414	0.594054421426
248	0.107193094703	0.108054985196	0.210771696372	0.0665957924362	0.0533671352102	0.0234349442379	0.000248694354638	0.0	0.169657915272
249	0.999781748675	0.975252650606	1.49094264484	0.576581129266	0.718559006612	1.18959107807	0.0417806515792	0.0806629834254	0.732499307776
250	6.87994141485	6.69389351444	3.88519255986	2.15041913013	2.38981422424	2.89665427509	1.79557324049	0.254143646409	3.14647468976
251	0.120076880124	0.116829751975	0.159778544024	0.0338019007017	1.73584479125	0.359256505576	0.000746083063914	0.014364640884	0.133158808871
252	0.190164672815	0.186777178587	0.893594288767	0.0504676489602	0.153400237367	0.21531598513	0.0	0.0	0.0901150351147
253	0.112346608872	0.109057815685	0.159292894954	0.188833679864	0.343132109899	0.0464535315985	0.0	0.00552486187845	0.100938908047
254	0.102554931952	0.099781633661	0.0422029041814	0.0203617811384	0.0587765120016	0.0401486988848	0.000248694354638	0.00441988950276	0.0757671105294
255	0.144040721008	0.138139899867	1.48122966345	0.0653861816755	0.0223641398687	3.33085501859	0.0	0.00110497237569	0.103204369824
256	0.109254500371	0.10630003184	0.0898450779467	0.0101472902703	0.401262726164	0.284312267658	0.000248694354638	0.0187845303867	0.0357439524756
257	0.132960665545	0.129365133088	0.164149385654	0.0247970205943	0.425483816275	3.37249070632	0.00472519273812	0.028729281768	0.0667052634229
258	0.0999781748675	0.0972745574384	0.0767325530572	0.0284930534742	1.24334929234	0.419925650558	0.0129321064412	0.0110497237569	0.17393712085
259	0.101008877701	0.0982773879274	0.0791607984071	0.012096107607	0.361701612317	0.245650557621	0.000746083063914	0.00552486187845	0.0297027210713
260	0.0997204991591	0.0970238498161	0.335583507358	0.00584645201004	0.0847738153869	0.987360594796	0.0547127580204	0.0121546961326	0.0182243814031
261	4.97314117253	4.83865710969	1.87460541013	4.28067808091	0.0220411920006	2.08178438662	0.0641631434966	0.188950276243	2.94510030961
262	2.44534247292	2.37921533528	1.35010441455	0.389091461358	0.0356857394295	0.261710037175	0.0688883362348	0.12044198895	2.07415611549
263	0.834869295285	0.812292696135	0.519644504881	4.23363766244	0.277735166601	0.910037174721	0.0348172096493	0.00994475138122	1.4675157953
264	0.115181041664	0.112066307152	0.156864649604	0.038438741951	0.00746816945075	0.0565055762082	0.00198955483711	0.00883977900552	0.201877816095
265	0.131414611295	0.127860887355	0.334126560148	0.0987848787903	0.746009575404	0.169516728625	0.0278537677195	0.0541436464088	0.191305661137
266	0.706031441075	0.686938885003	1.24326161915	0.161953440738	1.64703412752	3.11672862454	0.0417806515792	0.032044198895	0.225287587787
267	0.0332401663864	0.032341283272	0.00208829100092	0.040656361679	0.0570810356938	0.00844609665428	0.000248694354638	0.0	0.123090089863
268	0.131414611295	0.127610179732	0.313243650138	0.023453008638	0.547396636498	0.0233159851301	0.0385476249689	0.0110497237569	0.0772774183804
269	0.0739529283169	0.0719530875897	0.0208829100092	0.162625446716	0.0579691423312	0.386022304833	0.000497388709276	0.017679558011	0.174692274775
270	0.139660233964	0.136384946512	0.297217230829	0.0507364513515	0.347168958251	0.0351524163569	0.00273563790102	0.0132596685083	0.142975809903
271	0.115696393081	0.112567722396	0.0903307270167	0.0186145655952	0.720981115623	3.11672862454	0.00124347177319	0.0187845303867	0.0102449215899
272	0.178826941644	0.17273755174	0.495362051382	0.334658977126	1.19490711212	0.145130111524	0.00447649838349	0.00552486187845	0.372542603267
273	0.132702989837	0.12961584071	0.0407459569715	0.16128143476	0.13806021363	0.725650557621	0.00149216612783	0.0430939226519	0.269338233443
274	0.118015474457	0.111063476663	0.115584478656	0.0575237117309	1.09802275168	0.0420520446097	0.00174086048247	0.00883977900552	0.116041986558
275	0.106677743286	0.103792955617	0.26565004128	0.0310466761912	3.2294786814	0.0636431226766	0.0201442427257	0.0	0.0959045485438
276	0.0249172410043	2.50707622264	0.00650769753776	0.0450244005371	2.38981422424	0.109442379182	0.00248694354638	0.00110497237569	0.178216326428
277	0.109512176079	0.106801447084	0.0971298139964	0.0260738319528	0.155014976707	0.237323420074	0.00223824919174	0.00441988950276	0.0586502882171
278	0.146617478092	0.142652637068	0.300616774319	0.0645797745017	0.155822346378	0.139776951673	0.000497388709276	0.00552486187845	0.216477458655
279	0.0958553635328	0.0932632354821	0.0371521538536	0.129697153786	0.686264219798	0.46750929368	0.0248694354638	0.0	0.152792810935
280	1.36568125463	1.328750398	0.733330095673	2.16385924969	0.192153981544	0.648327137546	0.0169112161154	0.014364640884	3.39819266494
281	0.114150338831	0.111314184285	0.158321596814	0.0594725290676	0.0258358294512	0.17249070632	0.00348172096493	0.0596685082873	0.22302212601
282	0.0963707149496	0.0937646507267	0.0514788014181	0.0215041913013	0.41337327122	0.40624535316	0.0032330266103	0.00441988950276	0.0591537241674
283	0.103585634785	0.124852395887	0.290903792919	0.0504004483624	1.74391848796	1.58810408922	0.0101964685402	0.0	0.126865859491
284	1.24457367168	1.21091781553	0.607061337478	1.84801643995	0.0224448768358	0.419330855019	0.0395424023875	0.0110497237569	2.21511818159
285	0.115181041664	0.112066307152	0.116070127726	0.0435459873851	0.00354435285284	0.267063197026	0.000994777418553	0.00883977900552	0.135927706598
286	2.67982736758	2.60735927154	1.19469671216	0.427395802113	0.578884053642	1.40966542751	0.0335737378762	0.0696132596685	6.94741611498
287	0.104874013328	0.102038002261	0.140352581225	0.177409578236	0.544974527487	0.0145724907063	0.0	0.00883977900552	0.110755909079
288	0.0927632550317	0.10078446415	0.230197659171	0.00981128728121	0.1388675833	0.0088624535316	0.0	0.00110497237569	0.018174037808
289	0.865790380296	0.842377610807	1.59778544024	1.84801643995	0.167932891433	0.431821561338	0.00646605322059	0.0154696132597	2.21511818159
290	0.0961130392412	0.102288709884	0.0898450779467	0.063370163741	0.135638104619	0.0170706319703	0.0	0.0	0.0450575175573
291	0.128580178502	0.12510310351	0.464280510903	0.0559108973833	2.03457156928	0.0802973977695	0.00248694354638	0.0132596685083	0.0875978553629
292	0.450932489737	0.441245415184	0.407945218785	0.89376795096	0.195383460225	0.510334572491	0.00373041531957	0.00220994475138	2.74372592947
293	4.30318433064	4.18681729181	1.48122966345	2.68802391266	1.03343317805	1.77249070632	0.0594379507585	0.244198895028	1.0496639565
294	0.0981744449085	0.0955196040825	0.248166674761	0.0298370654305	0.00125142298904	0.0507955390335	0.000746083063914	0.00220994475138	0.0903667530898
295	0.0927632550317	0.090254744015	0.0320528386188	0.0283586522786	0.139674952971	1.34423791822	0.00149216612783	0.00110497237569	0.0304578749969
296	0.116469420206	0.113570552886	0.110727987956	0.020496182334	4.03684835175e-05	0.278959107807	0.0	0.00552486187845	0.0243662999975
297	6.28728728548	6.11726598324	1.89403137293	2.08321853231	0.0670924196062	2.49814126394	1.70604327282	0.238674033149	1.01694061973
298	0.109254500371	0.10630003184	0.117041425866	0.0361539216253	0.855811850572	2.14126394052	0.00571997015668	0.122651933702	0.0926322148665
299	0.136568125463	0.1328750398	0.159292894954	0.0532900740685	2.35751943742	0.070780669145	0.00223824919174	0.00773480662983	0.201374380144
300	0.12084990725	0.117581874842	0.128211354475	2.99042660284	0.0880032940683	0.844609665428	0.00198955483711	0.00994475138122	0.6267777582
301	2.54841275629	2.48200546041	0.781895002671	1.71361524432	0.25189933715	1.14200743494	0.0236259636906	0.0121546961326	1.31648501019
302	0.0145844450967	0.0141148391335	0.179690155893	0.00880327831396	0.0148556019345	0.0293828996283	0.0	0.00331491712707	0.0236866614645
303	0.600384400622	0.584148759875	0.195230926133	0.0522820651013	0.774267513867	0.476431226766	0.0104451628948	0.00331491712707	0.284441311954
304	0.17959996877	0.174743212718	0.385605361566	0.0587333224916	0.410143792538	0.371747211896	0.0310867943298	0.0298342541436	0.205150149772
305	0.161047317763	0.156692263915	1.10727987956	0.0226466014642	0.351205806603	0.0856505576208	0.00447649838349	0.0121546961326	0.189795353286
306	0.0981744449085	0.0955196040825	0.109756689816	0.0235874098336	0.0815443367054	0.265873605948	0.00124347177319	0.00220994475138	0.107483575402
307	0.107966121829	0.105046493729	0.175319314264	0.0336002989083	0.430328034297	0.168327137546	0.00198955483711	0.0165745856354	0.14624814358
308	0.098432120617	0.0957703117048	0.164149385654	0.0120289070092	2.43018270776	0.642379182156	0.0	0.00110497237569	0.0329750547487
309	0.151513316552	0.147416081891	0.524500995581	0.198913769537	2.47862488798	1.03494423792	0.00497388709276	0.00773480662983	0.367508243764
310	3.427086922	3.30934061388	1.66091981934	1.02816914659	0.863885547276	1.43345724907	0.0382989306143	0.145856353591	1.43227527878
311	0.232681164705	0.226388982904	0.153950755184	0.0678726037947	0.164703412752	0.193308550186	0.00124347177319	0.00441988950276	0.162106376016
312	1.28580178502	1.2510310351	0.483706473702	2.10337871166	0.103343317805	0.445501858736	0.0738622233275	0.0254143646409	0.883530092884
313	0.0997204991591	0.0970238498161	0.199601767763	0.0940808369431	0.0314066801767	0.417546468401	0.000746083063914	0.0	0.0873461373877
314	0.128064827085	0.124601688265	0.312758001068	0.00453604035261	0.0375426896713	0.0612639405204	0.00273563790102	0.0132596685083	0.100687190072
315	0.0953400121159	0.0927618202376	0.218056432422	0.0456292059174	0.209108744621	0.171301115242	0.00298433225566	0.00552486187845	0.0349887985501
316	0.0904441736559	0.100283048906	0.0762469039872	0.155233380956	2.83386754293	0.587063197026	0.10295946282	0.0	0.136682860523
317	0.093536282157	0.0910068668818	0.205429556602	0.0130369159764	0.00177621327477	0.0164163568773	0.000497388709276	0.0	0.0639363656959
318	0.0953400121159	0.0935139431044	0.0922733232966	0.0305762720065	0.0171162370114	0.0525799256506	0.000248694354638	0.00220994475138	0.0662018274725
319	0.10616239187	0.103291540373	0.113156233306	0.026006631355	0.127564407915	0.0785130111524	0.000746083063914	0.028729281768	0.112014498955
320	1.33991368379	1.30367963577	0.874168325968	0.252002241812	0.731476921338	0.111226765799	0.00397910967421	0.028729281768	0.576434163164
321	0.188360942856	0.183267271875	0.500218542081	0.0564485021659	0.452127015397	0.0300371747212	0.0353145983586	0.0209944751381	0.29199285121
322	1.1260428458	1.09559230929	1.40838230295	0.317186821694	0.129986516927	0.346765799257	0.0191494653071	0.0707182320442	0.13945175825
323	4.07127619306	3.91103890732	2.12228643582	3.44739066799	0.139674952971	2.14721189591	0.283511564287	0.138121546961	6.06640320185
324	0.153317046511	0.149171035247	0.380263221796	0.449571999393	0.000766193817163	0.0199851301115	0.0	0.0132596685083	0.18803332746
325	0.0165170129098	0.0160703585871	0.00160264193094	0.00309794755934	0.0444053318693	0.0296208178439	0.0504849539915	0.00220994475138	0.00755153925542
326	0.130126232753	0.126607349243	0.172405419844	0.0994568847684	0.100921208794	0.0856505576208	0.01715991047	0.00773480662983	0.110504191104
327	1.52544019385	1.4841891238	1.24326161915	0.292322600502	0.625711494522	0.0256356877323	0.0574483959214	0.123756906077	1.4624814358
328	0.0533388716432	0.0518964778086	0.0114127531446	0.00322562869519	0.0565158769246	3.68773234201	0.000746083063914	0.0	0.00536159287135
329	0.135022071213	0.130618671199	0.202030013113	0.043949190972	8.23517063758	0.415762081784	0.0179059935339	0.046408839779	0.182747249981
330	0.128837854211	0.125604518754	0.410859113205	0.0297698648327	0.170355000444	0.31405204461	0.00746083063914	0.00220994475138	0.0510987489617
331	0.275713008011	0.255721774709	0.597348356078	0.0719046396637	0.00697567395183	0.126096654275	0.00447649838349	0.0419889502762	0.100938908047
332	0.00432895190148	0.00421188805403	0.00218542081492	0.0211009877144	2.48669858468	1.55836431227	0.000746083063914	0.0	0.0209932791301
333	0.0986897963254	0.0960210193271	0.0908163760866	0.00430083826026	0.0358472133636	0.055970260223	0.000248694354638	0.00552486187845	0.0214715432829
334	0.0677687113148	0.0659361046554	0.0393375746685	0.00394467509183	0.0146133910334	0.110037174721	0.000248694354638	0.0	0.00523573388376
335	6.28728728548	6.11726598324	5.05075032781	0.960968548776	0.151785498026	0.115390334572	0.0659040039791	0.060773480663	1.13776524782
336	6.26151971464	6.09219522101	2.7390607547	3.55491162449	0.222026659347	2.90260223048	1.68614772445	0.0773480662983	4.48057995821
337	0.0873520651548	0.0849898839474	0.0631343790977	0.0840007472706	0.241403531435	0.0116579925651	0.00373041531957	0.00110497237569	0.0200115790269
338	0.201502403986	0.194298407254	0.292360740129	0.19420972769	0.155014976707	0.303940520446	0.00223824919174	0.00331491712707	0.614191859441
339	0.104616337619	0.101787294639	0.138409984945	0.00712326336855	0.0365738460669	0.474646840149	0.0	0.00773480662983	0.0478264152843
340	0.102039580535	0.0917589897486	0.199116118693	0.175393560301	80.7369670351	6.42379182156	0.00920169112161	0.0	0.266821053691
341	0.136568125463	0.132624332178	0.390461852266	0.220417960838	0.0219604550335	0.404460966543	0.0	0.0110497237569	0.165126991718
342	0.121880610083	0.118584705331	0.191345733573	0.0477124244497	1.03343317805	0.138587360595	0.00920169112161	0.0154696132597	0.132907090895
343	0.118273150165	0.115074798619	0.157350298674	0.0491908376017	1.67932891433	0.0361635687732	0.000994777418553	0.00220994475138	0.065446673547
344	1.37341152589	1.33376455044	0.364722451557	0.0417315712441	0.282579384623	0.162379182156	0.00770952499378	0.028729281768	0.0644398016462
345	1.6980829185	1.6496561545	0.587635374678	0.393795503205	0.0222026659347	0.0945724907063	0.0253668241731	0.0596685082873	0.679638532988
346	0.226754623411	0.22037199997	0.602204846778	1.84801643995	0.237366683083	0.233159851301	0.000497388709276	0.00994475138122	2.21511818159
347	0.00386513562632	0.00373554357173	0.000339954348987	0.000215041913013	0.0205071896269	1.35018587361	0.000994777418553	0.0	7.55153925542e-05
348	0.109769851788	0.106801447084	0.157350298674	0.0532228734707	0.282579384623	0.0159405204461	0.00223824919174	0.00441988950276	0.0853323935862
349	0.150997965135	0.146914666647	0.292360740129	0.229826044532	0.269661469897	0.117769516729	0.0231285749813	0.0519337016575	0.344853625997
350	0.0639035756885	0.0990295107942	0.0976154630664	0.0239906134205	2.28485616709	0.177843866171	0.482467047998	0.00331491712707	0.132907090895
351	1.45071423841	1.40897683712	1.23840512845	0.258722301594	0.11545386286	0.432416356877	0.000248694354638	0.0	0.206660457623
352	0.12084990725	0.117581874842	0.777038511971	0.0358179186362	0.0250284597809	0.606691449814	0.00124347177319	0.0	0.0576434163164
353	0.0757566582759	0.0737080409456	0.0616774318877	0.0428739814069	0.13725284396	14.0966542751	0.00149216612783	0.702762430939	0.0380094142523
354	0.209490350947	0.203825296901	0.298188528969	0.170017512476	0.4602007121	0.401486988848	0.00994777418553	0.0165745856354	0.689707251995
355	0.110542878913	0.107553569951	0.247681025691	0.00981128728121	0.396418508142	0.160594795539	0.00373041531957	0.00441988950276	0.0508470309865
356	0.112861960289	0.110060646174	0.160749842164	0.0158593410847	0.016147393407	0.0331301115242	0.00422780402885	0.00662983425414	0.0437989276814
357	0.114408014539	0.111314184285	0.154436404254	0.00752646695545	0.0421446967923	0.654275092937	0.00149216612783	0.00331491712707	0.0453092355325
358	0.187587915731	0.166720568805	0.223884221262	0.222433978773	0.384307963087	0.826765799257	0.0032330266103	0.00662983425414	0.415334659048
359	3.427086922	3.33441137611	1.32582196105	0.222433978773	0.187309763521	1.9092936803	0.238000497389	0.137016574586	0.344853625997
360	0.0989474720338	0.0962717269493	0.0830459909669	0.00429411820048	0.000847738153869	0.0118364312268	0.000497388709276	0.0	0.0193571122914
361	0.153317046511	0.152430234336	0.246709727551	0.77280687489	0.0704833722216	3.42602230483	0.00447649838349	0.00441988950276	2.66821053691
362	5.95230886453	5.79134607429	3.21499684328	3.49443108646	1.01728578464	1.74275092937	0.0922656055708	0.413259668508	2.11443099152
363	0.12729179996	0.123849565398	0.178718857753	0.0411939664615	0.0507835522651	0.54780669145	0.0032330266103	0.0154696132597	0.0813049059833
364	0.102297256243	0.0995309260387	0.137924335875	0.0166657482585	7.91222276944e-05	0.0210557620818	0.0	0.0	0.0233594280968
365	2.65405979674	2.58228850932	0.738186586373	0.237218110292	0.113031753849	1.1063197026	0.0151703556329	0.0276243093923	0.392680041282
366	0.0145844450967	0.0141900514201	0.000291389441989	0.00147169309218	0.0561929290564	1.7249070632	0.000746083063914	0.0	0.00883530092884
367	3.83936805548	3.73554357173	0.976154630664	0.21974595486	0.293075190337	1.61784386617	0.0402884854514	0.113812154696	3.0709592972
368	0.106935418995	0.103792955617	0.128697003545	0.0157249398891	0.00217182441324	0.102899628253	0.00770952499378	0.0276243093923	0.147758451431
369	3.99397348053	3.88596814509	1.43752124715	0.175393560301	0.48280706287	1.33234200743	0.0290972394927	0.0674033149171	0.795428801571
370	8.8640443697	8.6494129681	2.27769413822	8.33287412925	0.0839664457165	4.52639405204	0.0673961701069	0.0309392265193	1.5354796486
371	0.23835003029	0.231904550594	0.679908697975	0.376323347773	0.113839123519	0.594795539033	0.0355632927133	0.00220994475138	2.00870944194
372	0.0512774659759	0.0498908168305	0.134524792385	0.0229154038554	9.04254030793	0.0380669144981	0.00174086048247	0.0	0.0364991064012
373	0.15512077647	0.151176696225	0.54392695838	0.114913022266	0.619252537159	0.451449814126	0.00621735886595	0.0243093922652	2.61786694188
374	0.0729222254833	0.0709502571007	0.0961585158564	0.00698886217292	0.312452062426	0.939776951673	0.000746083063914	0.00110497237569	0.0385128502026
375	0.0961130392412	0.0935139431044	0.0961585158564	0.00486532328192	0.0186502393851	0.725650557621	0.00124347177319	0.0	0.0124600397714
376	0.0948246606991	0.0922604049931	0.0675052207275	0.0158593410847	0.0662043129688	0.407434944238	0.00124347177319	0.00441988950276	0.0319681828479
377	0.1223959615	0.118835412953	0.462823563693	0.133729189655	0.175199218466	0.0302750929368	0.00397910967421	0.0132596685083	0.182243814031
378	0.128322502794	0.124852395887	0.214656888932	0.0544324842314	0.00960769907718	0.123717472119	0.000994777418553	0.0198895027624	0.147003297505
379	0.0940516335738	0.0915082821263	0.0231168957311	0.190849697799	0.236559313413	0.363420074349	0.000994777418553	0.0220994475138	0.312130289224
380	0.192483754191	0.187529301453	0.408430867855	0.243266164096	0.704833722216	0.256951672862	0.00696344192987	0.00662983425414	0.314647468976
381	0.127807151377	0.124350980643	0.217085134282	0.0248642211921	0.00968843604421	0.318215613383	0.000248694354638	0.00331491712707	0.0453092355325
382	0.0958553635328	0.0932632354821	0.0670195716575	0.00482500292323	0.823517063758	0.183197026022	0.000497388709276	0.00883977900552	0.0251717975181
383	0.104358661911	0.101787294639	0.132096547035	0.019420972769	0.0331021564844	0.0298587360595	0.000994777418553	0.00331491712707	0.036247388426
384	0.202275431111	0.196805483477	0.479335632072	0.0534244752641	0.213952962643	0.142156133829	0.00596866451132	0.0276243093923	0.304578749969
385	0.143267693882	0.139393437979	0.344810839687	0.0131041165742	0.444860688363	0.148698884758	0.00447649838349	0.0	0.0259269514436
386	0.0994628234507	0.0363526052283	0.102957602836	0.0109536974441	0.678997892765	10.1710037175	0.00795821934842	0.00110497237569	0.0171419941098
387	0.0950823364075	0.0925111126154	0.0509931523481	0.0705606277073	0.226063507698	0.761338289963	0.000497388709276	0.00110497237569	0.162861529942
388	0.10770844612	0.104795786106	0.181632752173	0.0518788615144	0.0140482322641	0.820817843866	0.0121860233773	0.0408839779006	0.271855413195
389	5.87500615201	5.71613378762	4.21543392744	1.03488920637	0.372197418032	3.52713754647	0.0646605322059	0.164640883978	1.84257557832
390	0.0203306133944	0.0198059021588	0.000242824534991	0.0237218110292	0.0025189933715	0.189739776952	0.0	0.00110497237569	0.0226797895638
391	3.65899505958	3.63526052283	1.89888786363	2.20417960838	0.360086872977	2.11747211896	0.148470529719	0.253038674033	1.10252473129
392	0.104616337619	0.101787294639	0.109756689816	0.04247077782	0.0071371478859	0.551970260223	0.000248694354638	0.00331491712707	0.0357439524756
393	0.103585634785	0.10078446415	0.054392695838	0.093408830965	0.00246247749457	0.0624535315985	0.000497388709276	0.017679558011	0.155309990686
394	0.138887206839	0.135382116022	0.27244912826	1.84801643995	0.00110609644838	0.0594795539033	0.000248694354638	0.00110497237569	2.21511818159
395	0.162078020597	0.160954293493	0.118984022146	0.188833679864	0.652354693644	1.13011152416	0.0161651330515	0.0165745856354	0.317164648728
396	0.0943093092822	0.0920096973708	0.0874168325968	7.25766456418	0.125142298904	0.298587360595	0.000994777418553	0.00110497237569	9.38908047424
397	2.96327064685	2.88313765603	2.8361905687	0.866887711833	0.214760332313	0.477026022305	0.17856254663	0.131491712707	1.03204369824
398	0.145071423841	0.141148391335	0.399203535525	0.0448899993414	0.0225256138028	0.433605947955	0.00248694354638	0.0331491712707	0.132907090895
399	1.38629531131	1.34880700778	1.36953037735	0.0799687114017	0.469081778474	0.456208178439	0.00870430241234	0.0397790055249	0.0704810330506
400	0.0389090319716	0.0877476677923	0.0626487300277	0.0127681135851	0.338287891877	3.39033457249	0.00248694354638	0.0	0.0217232612581
401	0.113377311705	0.110311353796	0.114127531446	0.151201345087	0.0785570689251	1.48698884758	0.00149216612783	0.0132596685083	0.400231580537
402	2.4968776146	2.43186393596	1.15098829586	1.35745207589	0.0192961351214	0.725650557621	0.00994777418553	0.0541436464088	0.735016487527
403	0.0860636866127	0.0839870534584	0.0387547957846	0.00725766456418	0.0178428697148	0.200446096654	0.000746083063914	0.00441988950276	0.0317164648728
404	0.100235850576	0.0975252650606	0.158807245884	0.0159265416825	1.11417014508	12.5501858736	0.00124347177319	0.0121546961326	0.0415334659048
405	3.89090319716	3.76061433396	1.42780826575	0.305762720065	1.96190829895	3.27732342007	0.081820442676	0.0132596685083	0.745085206535
406	0.0904441736559	0.0879983754146	0.054392695838	0.0135073201611	0.783955949911	1.05278810409	0.0032330266103	0.00773480662983	0.033478490699
407	0.131414611295	0.127860887355	0.215628187072	0.155905386934	0.609564101115	0.0731598513011	0.0032330266103	0.00331491712707	0.286958491706
408	0.0958553635328	0.0932632354821	0.193288329853	0.0452260023305	0.0214760332313	0.015405204461	0.000497388709276	0.00441988950276	0.0448057995821
409	0.119303852999	0.116077629108	0.0752756058472	0.0759366755327	0.0121105450553	0.874349442379	0.00124347177319	0.00773480662983	0.0926322148665
410	0.109254500371	0.10630003184	0.326356175028	0.0307106732021	0.00796873864636	0.361040892193	0.000248694354638	0.00552486187845	0.0591537241674
411	0.747259554422	0.72203795212	0.54878344908	0.488548346126	1.28371777586	0.898141263941	0.0169112161154	0.0353591160221	1.65126991718
412	0.0968860663664	0.0942660659712	0.0966441649264	0.528868704816	0.0199420308577	0.0433605947955	0.00124347177319	0.00220994475138	0.11176278098
413	0.0943093092822	0.0917589897486	0.0854742363168	0.0122305088026	0.0944622514311	0.0273605947955	0.00149216612783	0.0	0.00176202582626
414	0.101008877701	0.0982773879274	0.126268758195	0.0475780232541	0.0440823840012	0.0233159851301	0.00149216612783	0.00552486187845	0.0689707251995
415	0.0989474720338	0.0960210193271	0.158321596814	0.0114913022266	0.00216375071654	0.0149293680297	0.0	0.00331491712707	0.0684672892491
416	0.157439857845	2.78285460713	0.340439998057	0.255362271703	0.201035047917	1.1063197026	0.0452623725441	0.0906077348066	1.13021370856
417	0.116469420206	0.113821260508	0.0845029381769	0.0498628435799	0.34393947957	0.14156133829	0.0437702064163	0.00662983425414	0.0825634958592
418	0.146617478092	0.14290334469	0.179204506823	0.0806407173798	0.0227678247039	0.152862453532	0.00472519273812	0.0685082872928	0.12535555164
419	0.144556072424	0.14064697609	0.137924335875	0.259394307572	0.167932891433	0.142156133829	0.00298433225566	0.00220994475138	0.382611322275
420	0.0950823364075	0.0925111126154	0.0215142538002	0.148513321175	0.243825640446	0.212936802974	0.000994777418553	0.00883977900552	0.0344853625997
421	2.07428945279	2.015689283	0.990724102763	0.495268405908	0.0209916114291	0.591821561338	0.00920169112161	0.0618784530387	0.114783396682
422	0.162078020597	0.159951463004	0.300131125249	2.35874098336	1.43711801322	1.46319702602	0.0136781895051	0.0121546961326	0.553779545397
423	20.7686620988	14.0897683712	1.26268758195	1.32385177699	0.9204014242	2.86691449814	0.0586918676946	0.0198895027624	1.62358093991
424	2.28300677661	2.21625538081	0.645913263076	0.469732178737	0.448897536715	1.83791821561	0.0129321064412	0.00441988950276	0.687190072243
425	0.105647040453	0.102790125128	0.205429556602	0.0459652089065	0.0269661469897	0.0249814126394	0.0	0.00773480662983	0.0490850051602
426	0.120076880124	0.116829751975	0.213199941722	0.19420972769	0.0415795380231	2.956133829	0.000248694354638	0.00773480662983	0.349887985501
427	0.116984771623	0.11407196813	0.27099218105	1.84801643995	0.0196998199566	0.40624535316	0.000994777418553	0.0	2.21511818159
428	0.146617478092	0.142401929446	0.242824534991	0.0362883228209	0.0240596161765	0.189144981413	0.00124347177319	0.00994475138122	0.238376922496
429	0.0994628234507	0.0965224345716	0.0859598853868	0.00659909870558	0.00370582678691	0.0820817843866	0.0	0.00773480662983	0.0266821053691
430	0.175219481727	0.167723399295	0.421543392744	0.203617811384	0.284194123964	2.82527881041	0.00497388709276	0.00552486187845	0.48833287185
431	0.0943093092822	0.0917589897486	0.0670195716575	0.016128143476	0.00120298080882	0.0349144981413	0.0	0.0	0.0478264152843
432	0.0324671392611	0.0315891604052	0.0216113836142	0.00663269900449	0.0863885547276	0.177843866171	0.0	0.0	0.0154554836761
433	1.30126232753	1.28111594977	0.390947501336	0.0792967054235	0.0443245949023	4.77026022305	0.149714001492	0.00220994475138	0.0621743398696
434	0.0919902279064	0.0895026211482	0.0431742023214	0.0231842062467	0.00430328034297	0.145724907063	0.000248694354638	0.00552486187845	0.0342336446246
435	2.56645005588	6.56853970331	0.990724102763	2.2713802062	0.687878959139	0.012907063197	0.0141755782144	0.00331491712707	1.20069474161
436	0.088640443697	0.0862434220588	0.0611917828177	0.0127681135851	0.00213952962643	0.0218884758364	0.0	0.00441988950276	0.0259269514436
437	0.0963707149496	0.0937646507267	0.080617745617	0.0274178439091	0.0145326540663	19.6282527881	0.00124347177319	0.00110497237569	0.00183754121882
438	2.31650461871	2.25636860037	1.46666019135	0.401187568965	0.494110238255	1.01115241636	0.0425267346431	0.0342541436464	0.332267727238
439	0.0955976878243	0.0930125278599	0.0452139284153	0.0281570504851	1.54207607037	0.363420074349	0.000248694354638	0.00110497237569	0.0269338233443
440	0.0716338469411	0.0696967189893	0.0203001311252	0.860167652051	0.0722595854964	0.695910780669	0.00298433225566	0.00441988950276	0.664535454477
441	0.135022071213	0.132122916933	0.334126560148	0.0268130385288	0.0431942773638	0.03443866171	0.000248694354638	0.00331491712707	0.0573916983412
442	0.0358169234706	0.0335948213834	0.00796464474771	0.382371401576	0.00691915807491	0.117769516729	0.000248694354638	0.00994475138122	0.375059783019
443	1.7959996877	1.74743212718	1.73376717984	3.61539216253	0.0863885547276	0.408624535316	0.023377269336	0.13591160221	0.266821053691
444	0.10616239187	0.103291540373	0.0791607984071	0.0214369907035	3.93189029461	3.16431226766	0.0581944789853	0.00110497237569	0.0964079844942
445	0.0858060109043	0.0837363458361	0.324413578748	0.442179933633	0.00232522465061	0.0606691449814	0.000248694354638	0.00110497237569	0.533642107383
446	0.123426664334	0.120088951064	0.138895634015	0.0719046396637	0.0108187535827	0.0767286245353	0.000994777418553	0.00441988950276	0.437989276814
447	0.0582347101032	0.0566599226316	0.0232625904521	0.00383715413532	0.339095261547	0.0140966542751	0.00223824919174	0.00773480662983	0.00578951342915
448	0.0827139024033	0.080727854369	0.0355980768297	0.00148513321175	0.0244633010116	0.32594795539	0.000497388709276	0.00331491712707	0.00508470309865
449	0.135795098338	0.132122916933	0.378320625516	0.0705606277073	0.00432750143308	0.0606691449814	0.000248694354638	0.0132596685083	0.23762176857
450	0.103327959077	0.100533756528	0.214171239862	2.15713918991	0.0433557512978	0.214721189591	0.00348172096493	0.00331491712707	6.01605960682
451	0.572040072695	0.556570921426	0.80132096547	1.29697153786	0.00432750143308	0.316431226766	0.0276050733648	0.0475138121547	0.322199008231
452	0.161047317763	0.151928819092	0.738186586373	0.0779526934672	0.0794451755625	0.23375464684	0.000248694354638	0.00552486187845	0.15304452891
453	2.80866522179	2.657500796	0.670195716575	0.434787867873	0.248669858468	1.70706319703	0.0278537677195	0.0298342541436	0.563848264405
454	0.140948612506	0.137137069378	0.352095575737	0.106848950528	0.607949361774	0.0481189591078	0.000497388709276	0.00441988950276	0.107735293377
455	0.130126232753	0.126607349243	0.191831382643	0.0356163168428	0.0144519170993	0.0407434944238	0.000746083063914	0.0110497237569	0.0969114204445
456	2.30877434746	2.24634029548	0.514788014181	0.38102738962	0.0847738153869	1.12416356877	0.0547127580204	0.0375690607735	0.478264152843
457	0.0955976878243	0.0930125278599	0.175804963333	0.0116257034223	0.057484720529	1.10037174721	0.000497388709276	0.00331491712707	0.0172678530974
458	0.138371855422	0.134629993156	0.228740711962	0.062630957165	0.579691423312	0.0359256505576	0.0101964685402	0.0154696132597	0.012485211569
459	0.114150338831	0.111063476663	0.0961585158564	0.0377667359729	0.340710000888	0.180223048327	0.0184033822432	0.00994475138122	0.047322979334
460	1.21107582958	1.17832582464	0.728473604973	0.621605529803	0.0296304669019	0.33249070632	0.0223824919174	0.0475138121547	0.634329297455
461	0.101008877701	0.0982773879274	0.0709047642174	0.0221761972795	0.0360894242647	0.0386022304833	0.000248694354638	0.00220994475138	0.027940695245
462	0.1223959615	0.129866548333	0.422029041814	0.0138433231502	0.0225256138028	0.455018587361	0.00273563790102	0.0154696132597	0.0621743398696
463	0.0850329837791	0.0827335153471	0.00616774318877	0.0481828286344	0.794451755625	0.0542453531599	0.000248694354638	0.00552486187845	0.0256752334684
464	1.29610881336	1.26607349243	0.830459909669	0.448899993414	0.393996399131	3.13457249071	0.0947525491171	0.106077348066	0.475746973091
465	0.144298396716	0.131872209311	0.466223107183	0.23789011627	0.0145326540663	0.262304832714	0.000497388709276	0.00331491712707	0.410300299544
466	0.0590077372285	0.0574120454984	0.156379000534	0.260738319528	0.0119490711212	0.19092936803	0.000497388709276	0.0	0.152037657009
467	0.0937939578654	0.091257574504	0.0460395318343	0.0117601046179	0.00612793579796	0.0109442379182	0.000248694354638	0.00662983425414	0.0352405165253
468	0.104358661911	0.101536587017	0.254480112671	0.0350787120602	0.863885547276	0.138587360595	0.000497388709276	0.00110497237569	0.0722430588768
469	3.53015720537	3.45976518724	0.54392695838	0.247298199965	0.255128815831	1.22527881041	0.0427754289978	0.00994475138122	0.13215193697
470	0.139402558256	0.135883531267	0.290418143849	0.069216615751	0.710485309909	0.0779182156134	0.00273563790102	0.00552486187845	0.123341807838
471	0.00793641181938	0.0076967240035	0.0113156233306	0.0508708525471	0.259165664183	1.07063197026	0.000746083063914	0.0	0.0090618471065
472	0.102039580535	0.0992802184165	0.0845029381769	0.122977094004	0.201035047917	0.25873605948	0.00472519273812	0.00552486187845	0.78032572306
473	0.0113377311705	0.0110311353796	0.00228255062892	0.100800896725	0.113031753849	0.267657992565	0.00149216612783	0.0	0.0964079844942
474	0.0631305485632	0.0614233674546	0.0102957602836	0.0111552992375	0.00863885547276	0.0797026022305	0.000746083063914	0.00110497237569	0.0425403378055
475	0.0618421700211	0.0599191217211	0.0495362051382	0.0118273052157	3.73004787702	0.0125501858736	0.0703805023626	0.00883977900552	0.0347370805749
476	0.101524229118	0.098778803172	0.0772182021271	0.0900488010741	0.005990682954	0.0477620817844	0.000746083063914	0.00110497237569	0.0918770609409
477	0.166716183349	0.162207831605	0.294788985479	0.114913022266	0.237366683083	0.874349442379	0.000248694354638	0.0165745856354	0.0704810330506
478	2.67982736758	2.60735927154	0.738186586373	15.0529339109	0.041337327122	5.38884758364	0.0129321064412	0.0342541436464	0.392680041282
479	0.0961130392412	0.0935139431044	0.134039143315	0.0806407173798	0.3213331288	0.844609665428	0.000248694354638	0.00110497237569	0.0687190072243
480	0.193772132733	0.191289915787	0.315671895488	0.575237117309	0.0148556019345	1.46914498141	0.00124347177319	0.0	0.508470309865
481	0.0693147655654	0.067440350389	0.00597348356078	0.044688397548	0.00536093461113	0.0131449814126	0.00174086048247	0.0	0.0855841115614
482	0.0992051477422	0.0965224345716	0.117041425866	0.0400515562986	0.0124334929234	0.139182156134	0.0	0.00662983425414	0.0407783119793
483	0.0177796238811	0.0172988259362	0.000339954348987	1.84801643995	0.00379463745065	0.0510334572491	0.000248694354638	0.00110497237569	2.21511818159
484	0.168262237599	0.165717738316	0.568209411879	0.29299460648	0.0888106637386	0.0600743494424	0.00198955483711	0.0110497237569	0.375059783019
485	0.0971437420749	0.0945167735935	0.300616774319	0.0141793261393	0.0212338223302	0.0469888475836	0.000497388709276	0.00552486187845	0.0169657915272
486	0.922479036149	0.907561592595	0.55363993978	0.077280687489	0.335865782866	5.36505576208	0.00895299676697	0.00662983425414	0.0938908047424
487	0.154863100761	0.150925988603	0.324413578748	0.97440866834	0.11464649319	0.227211895911	0.00248694354638	0.00331491712707	0.322199008231
488	0.0850329837791	0.0827335153471	0.00762469039872	0.00460996101021	0.100113839124	0.755390334572	0.00646605322059	0.00441988950276	0.0118810884285
489	0.0440625461401	0.0428710034071	0.00655626244476	0.147841315196	0.00158244455389	0.0132044609665	0.0	0.0	0.148765323332
490	0.111831257455	0.108807108063	0.443397600894	0.048720433417	0.340710000888	1.25501858736	0.000746083063914	0.00552486187845	0.0692224431747
491	0.15666683072	0.171985428873	0.482735175562	0.147169309218	0.190539242203	2.0936802974	0.00397910967421	0.0154696132597	0.0347370805749
492	0.108481473245	0.105798616595	0.26322179593	0.0127681135851	0.270468839568	0.0445501858736	0.00447649838349	0.0110497237569	0.0332267727238
493	0.144298396716	0.159700755382	0.27924821524	0.221089966816	0.557892442213	1.70706319703	0.0032330266103	0.0132596685083	1.00435472097
494	0.093536282157	0.0907561592595	0.134524792385	0.262754337463	0.134023365278	1.95092936803	0.00795821934842	0.014364640884	1.41213784076
495	0.0994628234507	0.0967731421938	0.0478364333932	0.00719046396637	0.00604719883093	0.506765799257	0.000248694354638	0.00552486187845	0.0329750547487
496	0.0484430331832	0.0491386939637	0.0246709727551	0.0332642959192	0.151785498026	4.16356877323	0.000746083063914	0.00773480662983	0.0765222644549
497	1.15438717373	1.12317014774	0.786751493371	0.190849697799	1.88117133192	2.44460966543	0.0519771201194	0.0353591160221	0.485815692099
498	0.0363322748874	0.0353497747392	0.0481278228352	0.158593410847	0.0960769907718	0.23970260223	0.000248694354638	0.00220994475138	0.0830669318096
499	0.0932786064485	0.0907561592595	0.0582778883978	0.0510052537427	0.288230972315	1.24907063197	0.000994777418553	0.00552486187845	0.0684672892491
500	0.136825801172	0.133627162667	0.286532951289	0.0247970205943	0.0335058413196	0.0468104089219	0.00223824919174	0.00883977900552	0.00913736249906
501	1.30383908461	5.8916291232	0.53907046768	0.114913022266	0.352013176273	0.368178438662	0.00621735886595	0.0265193370166	0.528607747879
502	0.093536282157	0.0915082821263	0.154436404254	0.0141121255415	0.00403684835175	0.791078066914	0.000497388709276	0.0	0.0624260578448
503	0.149194235176	0.143906175179	0.395803992035	0.0669989960231	4.02877465505	2.39107806691	0.00397910967421	0.0110497237569	0.200367508244
504	0.148936559468	0.144909005668	0.399203535525	0.174721554323	0.618445167489	0.0402676579926	0.00373041531957	0.0121546961326	0.176454300602
505	0.487007088916	0.468823253633	0.466223107183	0.229826044532	0.0188117133192	0.169516728625	0.0032330266103	0.0441988950276	0.594054421426
506	0.0950823364075	0.0925111126154	0.183089699383	0.0120289070092	0.100921208794	0.0423494423792	0.000248694354638	0.00331491712707	0.0207667329524
507	0.209232675238	0.202070343545	0.313243650138	0.116257034223	0.11464649319	0.292639405204	0.011688634668	0.00331491712707	2.07667329524
508	0.130899259878	0.127610179732	0.53907046768	4.67716160803	0.0162281303741	0.204609665428	0.00174086048247	0.00441988950276	0.682155712739
509	0.102554931952	0.0957703117048	0.126268758195	0.0409251640703	0.0232522465061	0.0370557620818	0.000497388709276	0.00441988950276	0.0420369018552
510	0.0989474720338	0.0965224345716	0.0883881307367	0.0178753590192	3.14874171437e-05	0.0106468401487	0.0	0.00552486187845	0.0103456087799
511	0.0878674165717	0.0824828077248	0.0641056772376	2.27810026598	0.0141289692311	0.320594795539	0.000746083063914	0.00552486187845	0.337302086742
512	0.091732552198	0.0867448373033	0.0392890097615	0.00319874845607	0.0272083578908	0.133234200743	0.000994777418553	0.00331491712707	0.0299544390465
513	0.0767873611096	0.0747108714346	0.208343451022	0.00719046396637	0.198612938906	1.50483271375	0.00149216612783	0.00552486187845	0.0194074558864
514	0.167231534765	0.162458539227	0.52935748628	0.0387747449401	0.173584479125	0.107063197026	0.00298433225566	0.0198895027624	0.13265537292
515	0.111573581746	0.108305692818	0.240881938711	0.0104832932594	0.0326177346822	0.0761338289963	0.000994777418553	0.0121546961326	0.0168651043371
516	0.116211744498	0.113069137641	0.165606332864	0.0360867210275	0.00480384953859	0.557323420074	0.000497388709276	0.0	0.0994286001963
517	0.100235850576	0.0975252650606	0.0883881307367	0.342051042886	0.200227678247	0.0951672862454	0.000994777418553	0.00994475138122	0.0397714400785
518	0.123942015751	0.120339658687	0.26904958477	0.0529540710794	0.839664457165	0.137397769517	0.0164138274061	0.0397790055249	0.054371082639
519	0.111831257455	0.109057815685	0.110727987956	0.0053088472275	0.0509450261991	0.283717472119	0.00571997015668	0.00110497237569	0.0251466257205
520	0.0958553635328	0.0930125278599	0.0322956631538	0.0604805380349	9.68843604421e-05	0.0524014869888	0.0	0.0	0.178468044403
521	0.0600384400622	0.109057815685	0.0238453693361	0.0336674995061	0.242210901105	0.510334572491	0.0487440935091	0.0	0.123090089863
522	0.119046177291	0.116077629108	0.403088728085	0.0507364513515	0.608756731445	0.33843866171	0.0208903257896	0.0121546961326	0.0672086993732
523	0.809101724443	0.799757315022	0.796464474771	0.391107479292	1.40482322641	0.133234200743	0.00273563790102	0.0364640883978	0.354922345005
524	0.10616239187	0.103291540373	0.117527074936	0.536932776554	0.0132408625938	0.874349442379	0.000497388709276	0.00331491712707	0.247187051627
525	0.125488070001	0.122094612042	0.186003593803	0.00792967054235	0.0658813651006	0.987360594796	0.014424272569	0.0309392265193	0.0312130289224
526	0.123942015751	0.120590366309	0.154922053324	0.043209984396	0.00519138698036	0.003443866171	0.000497388709276	0.0198895027624	0.210184509276
527	0.126776448543	0.123097442532	0.225826817542	0.0172705536388	0.36735320001	0.0150483271375	0.00149216612783	0.00773480662983	0.123341807838
528	0.118273150165	0.114824090997	0.161235491234	0.26006631355	0.0716136897601	3.58066914498	0.00373041531957	0.00662983425414	0.44554081607
529	0.0425164918895	0.0411160500513	0.0154922053324	0.0907208070523	0.000277735166601	0.0191524163569	0.0	0.0	0.0624260578448
530	0.096628390658	0.0937646507267	0.0874168325968	0.00719046396637	0.052801976441	0.088624535316	0.00223824919174	0.00331491712707	0.0218239484482
531	0.156409155012	0.153433064825	0.2685639357	0.209665865188	0.192153981544	1.86171003717	0.00746083063914	0.0154696132597	0.286958491706
532	0.133991368379	0.130367963577	0.2734204264	0.107520956506	1.04150687475	0.111226765799	0.0032330266103	0.00662983425414	0.129131321268
533	0.00744682797338	0.00724545028342	0.00388519255986	0.0259394307572	0.102535948135	0.593605947955	0.0032330266103	0.0	0.0133913962796
534	0.246337977251	0.239927194506	0.02685639357	0.0547012866226	0.0129986516927	0.0459182156134	0.000497388709276	0.0	0.0128879603292
535	0.120334555833	0.118083290086	0.101015006556	0.00356163168428	0.214760332313	0.71970260223	0.00945038547625	0.00883977900552	0.00820600599089
536	0.103843310494	0.101035171772	0.0597348356078	0.124993111939	0.0245440379787	0.519851301115	0.000497388709276	0.00773480662983	0.468195433836
537	0.139144882548	0.141148391335	0.0835316400369	0.0252002241812	0.0347976327921	0.133828996283	0.00621735886595	0.00110497237569	0.1744405568
538	0.0943093092822	0.0917589897486	0.0786751493371	0.00493924393951	0.00815443367054	0.495464684015	0.000497388709276	0.0	0.422886198303
539	1.65427804807	1.60954293493	0.927589723666	7.79526934672	1.89731872532	0.725650557621	0.0741109176822	0.0850828729282	0.677121353236
540	0.105647040453	0.102790125128	0.200573065903	0.0536260770576	0.532863982432	0.312862453532	0.00248694354638	0.00883977900552	0.00714879049513
541	0.126776448543	0.121593196798	0.212714292652	0.0271490415179	1.22720189893	0.874349442379	0.0129321064412	0.00773480662983	0.0828152138344
542	0.098432120617	0.0957703117048	0.00849885872469	0.0920648190086	0.250284597809	0.444907063197	0.00596866451132	0.00552486187845	1.15790268583
543	0.098432120617	0.0957703117048	0.163663736584	0.0217729936926	0.284194123964	0.265278810409	0.000994777418553	0.0	0.0440506456566
544	0.101524229118	0.0990295107942	0.203972609392	0.907208070523	0.0169547630774	3.37249070632	0.000248694354638	0.00662983425414	1.82998967956
545	0.103070283369	0.099781633661	0.169977174494	0.0245954188008	0.788800167933	0.672118959108	0.00149216612783	0.00220994475138	0.0339819266494
546	0.389090319716	0.401132195622	1.39381283085	0.141121255415	0.0163896043081	0.155836431227	0.00795821934842	0.0397790055249	0.870944194125
547	0.186299537189	0.169979767895	0.54878344908	0.220417960838	0.143711801322	0.898141263941	0.00223824919174	0.0209944751381	0.533642107383
548	2.6282922259	2.55721774709	1.98144820553	0.140449249437	0.711292679579	1.21338289963	0.0800795821935	0.158011049724	0.440506456566
549	0.105647040453	0.10304083275	0.354038172017	0.00940808369431	0.0648317845292	0.797026022305	0.00223824919174	0.0110497237569	0.02089259194
550	0.127549475669	0.124100273021	0.117041425866	0.0846727532488	0.00691915807491	0.146319702602	0.00348172096493	0.0	0.140458630151
551	0.0646766028138	0.0629276131882	0.0082074692827	0.120289070092	0.000340710000888	0.403271375465	0.0	0.00552486187845	0.0450575175573
552	0.15022493801	0.14616254378	0.568209411879	0.0719046396637	0.296304669019	1.31449814126	0.0124347177319	0.0640883977901	0.159337478289
553	0.140175585381	0.136886361756	0.420086445534	0.526852686882	0.00993064694532	0.299182156134	0.00198955483711	0.00552486187845	0.146499861555
554	0.0992051477422	0.0965224345716	0.103443251906	0.00407907628746	0.0283386754293	0.204609665428	0.0	0.00331491712707	0.0119314320236
555	0.102554931952	0.099781633661	0.118984022146	0.069216615751	0.00355242654954	0.0145724907063	0.0	0.00662983425414	0.00707327510258
556	0.130899259878	0.12735947211	0.369093293186	0.779526934672	0.00734706400019	0.0600743494424	0.00547127580204	0.00110497237569	0.157072016513
557	0.123684340042	0.120339658687	0.26613569035	0.163969458672	0.00411758531879	0.0481784386617	0.000497388709276	0.00220994475138	0.177964608453
558	0.126003421418	0.120339658687	0.25690835802	0.0141793261393	3.11644692755	3.28327137546	0.0512310370555	0.0232044198895	0.0717396229265
559	0.0881250922801	0.0857420068142	0.0125783109125	0.0415299694506	0.3213331288	0.01843866171	0.00945038547625	0.0	0.151534221059
560	0.101781904826	0.0980266803052	0.109756689816	0.0149857333131	0.0403684835175	0.315241635688	0.000994777418553	0.00331491712707	0.0173181966924
561	1.61820344889	1.57444386782	0.660482735176	0.124993111939	0.604719883093	2.37323420074	0.00596866451132	0.0441988950276	0.943942406927
562	0.104616337619	0.101787294639	0.102957602836	0.00518788615144	0.00171162370114	0.177843866171	0.000746083063914	0.00552486187845	0.0251717975181
563	0.118788501582	0.115576213864	0.348696032247	0.0180097602148	0.0516716589025	0.0551970260223	0.000746083063914	0.00662983425414	0.0470712613588
564	1.2729179996	1.25604518754	0.616774318877	0.304418708109	0.0216375071654	0.672118959108	0.0343198209401	0.0530386740331	1.86271301634
565	0.107193094703	0.104294370862	0.167063280074	0.478468256454	0.0208301374951	0.415167286245	0.00149216612783	0.00220994475138	0.172678530974
566	0.0883827679885	0.0859927144365	0.0123354863775	0.297026642349	0.0172777109455	0.654275092937	0.00621735886595	0.0	0.192060815063
567	0.850329837791	0.827335153471	0.406002622505	0.274178439091	0.0438401731001	0.0323568773234	0.00198955483711	0.00331491712707	0.304578749969
568	0.188360942856	0.183267271875	0.423000339954	0.11356901031	0.727440072986	1.29665427509	0.0415319572246	0.0430939226519	0.14574470763
569	0.122138285792	0.118835412953	0.27584867175	0.0260738319528	0.00677383153424	0.0352713754647	0.00223824919174	0.00994475138122	0.15354796486
570	0.157439857845	0.153182357203	0.461366616483	0.44688397548	0.517523958695	0.174275092937	0.0146729669237	0.0453038674033	0.402748760289
571	4.01974105137	8.6494129681	0.713904132874	0.132385177699	1.3725284396	6.60223048327	0.105446406367	0.00220994475138	0.103204369824
572	0.0479276817664	0.0466316177411	0.0869311835268	0.0243266164096	0.0224448768358	0.258141263941	0.000248694354638	0.00331491712707	0.117300576434
573	0.122653637209	0.11958753582	0.116070127726	0.085344759227	0.265624621545	0.737546468401	0.000248694354638	0.00552486187845	0.183754121882
574	2.20828082117	2.1485643228	1.21897916565	0.16464146465	0.2995341477	0.0349739776952	0.153195722457	0.0453038674033	0.39016286153
575	2.75713008011	2.68257155822	1.17527074936	0.89376795096	0.311644692755	1.7249070632	0.052225814474	0.0132596685083	0.312130289224
576	0.175992508852	0.170731890762	0.636200281676	0.335330983104	0.146941280004	0.701858736059	0.0305894056205	0.032044198895	0.254235154932
577	0.0860636866127	0.0837363458361	0.02831334078	0.163297452694	0.00763771708152	0.105873605948	0.00273563790102	0.00110497237569	0.0687190072243
578	0.100235850576	0.0975252650606	0.055363993978	0.0069216615751	1.68740261103	0.569814126394	0.00447649838349	0.00331491712707	0.0422886198303
579	0.104100986202	0.101285879395	0.135496090525	0.114241016288	0.0593416707708	0.0220074349442	0.000746083063914	0.0121546961326	0.0136934578498
580	0.114408014539	0.111063476663	0.105385848186	0.00752646695545	0.281772014952	0.0233159851301	0.0109425516041	0.0121546961326	0.0782842902812
581	3.37555178032	3.28426985166	1.05871497256	4.69060172759	0.749239054086	1.58215613383	0.0111912459587	0.0121546961326	17.2175095024
582	0.116984771623	0.113821260508	0.237968044291	0.0221089966816	0.176813957807	0.502602230483	0.00223824919174	0.0154696132597	0.0521056208624
583	0.494737360169	0.483865710969	0.191831382643	0.0365571252122	11.2224384179	0.154646840149	0.0422780402885	0.0132596685083	0.0707327510258
584	0.0827139024033	0.0804771467467	0.204943907532	0.0100800896725	0.0209108744621	0.0844609665428	0.000248694354638	0.00220994475138	0.0141968938002
585	1.82434401562	1.77500996563	1.07814093536	0.283586522786	1.70355000444	0.205799256506	0.00994777418553	0.017679558011	0.548745185894
586	0.165943156223	0.160703585871	0.26807828663	0.522148645034	0.0234944574072	0.123717472119	0.00348172096493	0.00552486187845	0.415334659048
587	0.161820344889	0.157444386782	0.27876256617	0.0745926635763	0.0159051825059	0.287286245353	0.00124347177319	0.0154696132597	0.175699146676
588	0.12729179996	0.129866548333	0.301102423389	0.0475780232541	0.0515101849684	1.15390334572	0.0156677443422	0.0651933701657	0.0707327510258
589	0.108739148954	0.101787294639	0.131125248895	0.040656361679	0.187309763521	4.38364312268	0.000746083063914	0.0121546961326	0.0943942406927
590	0.175992508852	0.171233306006	0.582778883978	0.00779526934672	1.66318152092	3.2	0.11688634668	0.0276243093923	0.0116041986558
591	0.0548849258938	0.0534007235422	0.0966441649264	0.137761225524	0.0912327727497	0.0600743494424	0.0114399403134	0.00441988950276	0.154806554736
592	0.0600384400622	0.0877476677923	0.26225049779	0.0532228734707	0.0109802275168	0.725650557621	0.000248694354638	0.0	0.135172552672
593	0.125230394293	0.12184390442	0.454081880433	0.172705536388	0.121105450553	0.701858736059	0.00198955483711	0.00441988950276	0.140206912176
594	2.17993649324	2.12098648435	1.51522509834	0.653861816755	0.0394803768802	0.695910780669	0.173588659537	0.0762430939227	0.568882623908
595	0.160531966347	0.155940141048	0.358894662717	0.218401942904	0.196998199566	0.0268252788104	0.00397910967421	0.0132596685083	0.133913962796
596	0.107450770412	1.37387777001	0.130153950755	0.085344759227	0.0871959243979	0.0689962825279	0.000746083063914	0.00883977900552	0.146499861555
597	0.132445314129	0.130367963577	0.305473265019	0.16128143476	0.888106637386	1.91524163569	0.00820691370306	0.00441988950276	0.173685402875
598	1.09769851788	1.06801447084	0.429313777864	0.672005978165	0.373812157372	0.612639405204	0.00671474757523	0.00662983425414	2.15974022705
599	0.0968860663664	0.0942660659712	0.102471953766	0.00799687114017	0.00815443367054	0.0578141263941	0.00149216612783	0.00220994475138	0.0297027210713
600	1.49709586593	1.43154052313	0.389004905056	1.29697153786	0.466659669463	0.532936802974	0.00124347177319	0.123756906077	0.667052634229
601	0.103585634785	0.10078446415	0.0704191151474	0.241250146161	0.0196998199566	0.540669144981	0.00447649838349	0.00552486187845	0.523573388376
602	0.134249044088	0.130618671199	0.26127919965	0.0403875592877	0.126757038245	0.0105278810409	0.0268589903009	0.0220994475138	0.110755909079
603	2.27527650536	2.21374830459	1.16555776796	1.02144908681	0.936548817607	0.320594795539	0.0300920169112	0.0342541436464	1.52792810935
604	0.104874013328	0.102038002261	0.111213637026	0.202945805406	0.0366545830339	12.3717472119	0.000248694354638	0.0453038674033	0.0508470309865
605	0.0698301169822	0.0679417656335	0.0709047642174	0.0227810026598	0.000656391541995	0.071375464684	0.0	0.00552486187845	0.0453092355325
606	0.134764395504	0.131120086444	0.462823563693	0.148513321175	0.237366683083	0.333680297398	0.00547127580204	0.00883977900552	0.187026455559
607	0.11750012304	0.114322675752	0.217085134282	1.12224998354	0.0309222583744	1.99851301115	0.00298433225566	0.00441988950276	0.521056208624
608	0.113634987414	0.110562061418	0.174348016124	0.0705606277073	0.0304378365722	0.201040892193	0.00198955483711	0.00441988950276	0.048833287185
609	2.26239271994	2.20121292348	0.971298139964	0.19420972769	0.664465238699	0.797026022305	0.897786620244	0.0817679558011	0.344853625997
610	0.145071423841	0.144658298046	0.340439998057	0.0799687114017	0.2995341477	0.321784386617	0.00447649838349	0.00662983425414	0.234097716918
611	0.471546546411	0.458794948743	0.454567529503	0.0383715413532	2.03457156928	1.29665427509	0.00373041531957	0.0364640883978	0.0458126714829
612	0.165685480515	0.161205001116	0.519644504881	1.22977094004	0.0180043436488	0.182007434944	0.014424272569	0.0265193370166	0.175699146676
613	0.185784185772	0.185022225231	1.33553494245	0.134401195633	0.497339716936	0.088624535316	0.0512310370555	0.0132596685083	0.165630427669
614	0.0999781748675	0.0972745574384	0.0182118401243	0.0400515562986	0.177621327477	4.22899628253	0.00198955483711	0.0132596685083	0.0790394442067
615	0.154090073636	0.152179526714	0.0577922393279	0.223105984751	0.00871959243979	0.701858736059	0.00198955483711	0.00773480662983	0.382611322275
616	0.131414611295	0.127860887355	0.149094264484	0.320546851585	0.00402877465505	0.071375464684	0.0	0.0	0.254235154932
617	0.141206288215	0.136886361756	0.111213637026	0.17942559617	0.0187309763521	0.0642379182156	0.000497388709276	0.0	0.132403654945
618	0.0963707149496	0.0937646507267	0.054392695838	0.0192193709755	2.74505687919	0.101115241636	0.000746083063914	0.0154696132597	0.039016286153
619	1.55378452178	1.51176696225	1.49579913554	0.233858080401	0.142097061982	0.594200743494	0.0129321064412	0.12044198895	0.16663729957
620	0.134764395504	0.130869378822	0.390461852266	0.198241763559	2.5189933715	0.0469293680297	0.00198955483711	0.00883977900552	0.0649432375966
621	0.154090073636	0.171985428873	0.864455344568	0.160609428781	0.227678247039	0.103494423792	0.00422780402885	0.00552486187845	0.0883530092884
622	0.17959996877	0.170731890762	0.248166674761	0.69216615751	0.280157275612	0.249219330855	0.00198955483711	0.0110497237569	0.317164648728
623	1.2729179996	1.23348150154	3.02559370599	0.181441614105	0.166318152092	0.36282527881	0.00223824919174	0.0132596685083	0.370025423515
624	0.414857890558	0.381075585841	0.474479141372	0.419331730375	0.011545386286	0.585873605948	0.000746083063914	0.060773480663	0.0991768822212
625	0.182692077271	0.177500996563	0.53907046768	0.338019007017	0.264817251875	1.49888475836	0.00149216612783	0.0243093922652	0.261786694188
626	0.365899505958	0.356004823615	0.645913263076	0.265442361375	0.532056612761	0.382453531599	0.00497388709276	0.0298342541436	0.185767865683
627	0.151255640843	0.146914666647	0.495362051382	0.284258528764	1.04958057146	0.137397769517	0.00895299676697	0.00552486187845	0.221763536134
628	2.02017755402	1.96554775855	0.757612549172	0.184129638017	0.314874171437	0.838661710037	0.0213877144989	0.257458563536	0.27940695245
629	2.03306133944	1.9605336061	0.464280510903	0.0860167652051	0.116261232531	1.14200743494	0.0106938572494	0.00331491712707	0.375059783019
630	0.144556072424	0.14064697609	0.462823563693	0.0198913769537	1.388675833	1.6	0.0382989306143	0.0309392265193	0.0309613109472
631	0.100235850576	0.0972745574384	0.0981011121364	0.0447555981458	0.00687878959139	12.3717472119	0.000994777418553	0.0453038674033	0.054371082639
632	0.164397101973	0.159951463004	3.14700597348	0.00526180680903	0.0603105143752	0.0666171003717	0.000497388709276	0.00552486187845	0.0286958491706
633	0.217735973616	0.211095817946	0.330727016658	0.151201345087	0.0453741754737	0.88029739777	0.0106938572494	0.0386740331492	0.375059783019
634	0.124972718584	0.121342489176	0.355009470157	0.0416643706462	0.0134023365278	0.0396133828996	0.00198955483711	0.00552486187845	0.169657915272
635	0.178311590228	0.130618671199	0.474964790442	0.142465267371	0.0239788792094	0.504981412639	0.0241233523999	0.0640883977901	0.33478490699
636	0.182176725854	0.177250288941	0.883881307367	0.678726037947	1.03343317805	0.927881040892	0.00497388709276	0.0265193370166	0.184005839857
637	0.117242447332	0.122596027287	0.27293477733	0.0625637565672	0.264817251875	0.427063197026	0.00397910967421	0.0110497237569	0.126614141516
638	0.109769851788	0.106801447084	0.0908163760866	0.0594053284698	0.027612042726	0.148698884758	0.0	0.00773480662983	0.00108238729328
639	0.152028667969	0.15167811147	0.226798115682	0.159937422803	13.4023365278	0.360446096654	0.0121860233773	0.0121546961326	0.106728421477
640	0.134764395504	0.131120086444	0.505075032781	0.155905386934	0.0663657869028	0.0540074349442	0.00124347177319	0.00220994475138	0.183502403907
641	0.108223797537	0.105297201351	0.0845029381769	0.268130385288	0.135638104619	1.39182156134	0.0032330266103	0.00220994475138	0.415334659048
642	0.0953400121159	0.0925111126154	0.110727987956	0.0175393560301	0.027692779693	0.242081784387	0.0	0.0	0.0171419941098
643	2.12840135156	2.0708449599	1.01986304696	0.0161953440738	0.272083578908	0.850557620818	0.0982342700821	0.092817679558	0.0523573388376
644	0.104874013328	0.103542247995	0.204458258462	0.0605477386327	0.000855811850572	12.3717472119	0.0	0.0453038674033	0.0737533667279
645	0.152028667969	0.149421742869	0.361808557137	0.151873351065	0.20668663561	0.0808921933086	0.00373041531957	0.00331491712707	0.10395952375
646	0.21387083799	0.199813974944	0.483706473702	0.661253882515	0.121105450553	0.987360594796	0.00472519273812	0.0386740331492	0.455609535077
647	0.173673427476	0.177751704185	0.308387159439	0.766086815108	0.104150687475	0.409814126394	0.0129321064412	0.0187845303867	0.289475671458
648	0.129610881336	0.126105933999	0.240396289641	0.0215041913013	0.0331828934514	0.167137546468	0.000746083063914	0.00552486187845	0.0332267727238
649	0.131414611295	0.127860887355	0.195716575203	0.0382371401576	2.11530853632	0.138587360595	0.00671474757523	0.00110497237569	0.0707327510258
650	0.13218763842	0.128613010221	0.156379000534	0.0277538468982	0.108187535827	1.66542750929	0.0131808007958	51.6022099448	0.0639363656959
